0.0812077
0.127414
0.0509994
0.0334292
0.103294
0.431981
0.281524
0.0527489
0.0805615
0.22981
0.111132
0.0608565
0.0836491
0.1701
0.124296
0.0643453
0.106156
0.164474
0.0528556
0.0265616
0.0306042
0.384043
0.39401
0.111079
0.123214
0.218645
0.0970239
0.137336
0.0945622
0.102462
0.0787616
0.129226
0.0454303
0.252439
0.231204
0.0530904
0.015335
0.112558
0.155946
0.0519921
0.049566
0.244651
0.326866
0.115757
0.0668265
0.168413
0.174108
0.0165035
0.0708987
0.17573
0.132165
0.154548
0.12656
0.107164
0.126777
0.100075
0.0317146
0.163347
0.288849
0.388723
0.293445
0.0691393
0.0788431
0.0150052
0.122375
0.177465
0.0971762
0.0627156
0.0667913
0.121825
0.103273
0.069718
0.352575
0.18231
0.0900566
0.0558014
0.201358
0.13086
0.0313366
0.199419
0.0403819
0.120924
0.305113
0.322611
0.144126
0.0229054
0.0172894
0.020851
0.0782722
0.122817
0.296594
0.235946
0.270212
0.234491
0.109429
0.126301
0.149022
0.143444
0.141256
0.115786
0.130904
0.0560134
0.00667008
0.0682807
0.0488307
0.195565
0.235687
0.359548
0.13624
0.131853
0.0104276
0.0111052
0.0509763
0.0702089
0.169881
0.148424
0.236197
0.142536
0.087325
0.12797
0.0945291
0.0543707
0.19683
0.462769
0.327197
0.179133
0.0411879
0.0632398
0.0392044
0.0330148
0.06108
0.158182
0.1264
0.239039
0.0357985
0.0703333
0.0739655
0.0166084
0.0615426
0.201284
0.115171
0.184878
0.159379
0.186188
0.126044
0.0434025
0.0540754
0.238916
0.288975
0.249493
0.0092287
0.0161917
0.273653
0.207789
0.106137
0.409028
0.25613
0.228613
0.118311
0.154335
0.0381999
0.0411279
0.0960273
0.128643
0.102676
0.124293
0.13637
0.154039
0.0628838
0.211373
0.130899
0.0376058
0.101918
0.138432
0.0582426
0.0838991
0.157452
0.181053
0.242722
0.260252
0.138984
0.150874
0.284028
0.298255
0.0498105
0.219089
0.388603
0.0350983
0.107647
0.1641
0.261591
0.159621
0.049829
0.143325
0.0814909
0.04565
0.139946
0.16273
0.0791789
0.0290524
0.0826179
0.103781
0.117609
0.061912
0.195478
0.217223
0.200012
0.193396
0.0640581
0.192655
0.225852
0.0127063
0.148835
0.210231
0.23246
0.109606
0.0945181
0.264235
0.296659
0.0405197
0.285012
0.294822
0.207397
0.206563
0.125065
0.0488809
0.0233959
0.0106979
0.0220606
0.199419
0.338492
0.136374
0.173678
0.0601739
0.0365587
0.0727367
0.0727569
0.068435
0.132955
0.282422
0.194816
0.115002
0.0273809
0.0217427
0.1032
0.314968
0.249952
0.0966239
0.270364
0.154833
0.0473145
0.0433531
0.273665
0.20843
0.248665
0.269723
0.0582529
0.0195601
0.0489537
0.0927045
0.0768729
0.110926
0.170538
0.153151
0.0051405
0.0321851
0.147369
0.241136
0.17842
0.140776
0.0919691
0.0422296
0.172834
0.0703696
0.0393462
0.0259925
0.132797
0.202164
0.338502
0.265627
0.167237
0.128382
0.0931524
0.0548673
0.0782852
0.180034
0.304048
0.472789
0.000377322
0.0636161
0.254796
0.225734
0.0869857
0.0483101
0.0209994
0.0114916
0
0.0571321
0.273698
0.28165
0.115538
0.106555
0.0980974
0.0642465
0.0880507
0.219571
0.219968
0.100196
0.0555236
0.100698
0.16546
0.184545
0.260784
0.307529
0.253727
0.241863
0.134064
0.118205
0.242364
0.196703
0.0223624
0.0320885
0.0632656
0.114681
0.109998
0.042259
0.0458578
0.0503783
0.178832
0.10852
0.0348066
0.106517
0.189865
0.0638611
0.0161445
0.0289445
0.217926
0.216747
0.0590686
0.10524
0.234238
0.072108
0.0631703
0.0950268
0.388467
0.33952
0.0219488
0.0467594
0.492454
0.347585
0.00281645
0.0480036
0.174783
0.0728537
0.00820626
0.0486316
0.176941
0.091489
0.0019693
0.00991927
0.166784
0.130886
0.0967649
0.225747
0.251191
0.110514
0.0448045
0.0379031
0.152327
0.0919671
0.011972
0.0190206
0.426341
0.285788
3.24095e-005
0.0204628
0.0517893
0.175065
0.358461
0.184973
0.426341
0.144946
0.0290437
0.00616206
0.0682044
0.107877
0.19563
0.214882
0.120385
0.122594
0.175906
0.0799168
0.0166986
0.108367
0.293663
0.015885
0.0361673
0.0987311
0.15048
0.0589948
0.00547226
0.218113
0.482886
0.191661
0.14938
0.111383
0.184019
0.00342157
0.0287854
0.148363
0.428023
0.0823078
0.083745
0.120367
0.168607
0.0124753
0.0457855
0.0887176
0.137728
0.00649237
0.0537519
0.117836
0.0999841
0.0956766
0.111626
0.0876298
0.0796156
0.0365159
0.185376
0.224842
0.144206
0.116278
0.172134
0.166517
0.191417
0.0693783
0.211809
0.193182
0.0380906
0.0380536
0.414961
0.165175
0.0345401
0.164259
0.427818
0.334604
0.127054
0.123949
0.0967655
0.0848963
0.00710884
0.053817
0.173039
0.231522
0.0991844
0.033743
0.166731
0.208919
0.0877476
0.0722652
0.357567
0.217134
0.0757545
0.0392531
0.0610643
0.0778316
0.0929023
0.0634809
0.201821
0.288593
0.115044
0.0404914
0.208734
0.423453
0.0943297
0.0489112
0.248819
0.303858
0.0654877
0.0307996
0.142553
0.155577
0.0548562
0.014097
0.131887
0.10161
0.0594428
0.0567668
0.141098
0.115979
0.0100389
0.000665786
0.069833
0.236915
0.12978
0.197965
0.141027
0.305326
0.145257
0.0224102
0.196789
0.206864
0.00796336
0.0201406
0.34893
0.295159
0.154535
0.0428979
0.223493
0.43322
0.0555281
0.126219
0.108226
0.108759
0.0193456
0.0166437
0.0334659
0.108421
0.084159
0.0699206
0.239235
0.184417
0.0713704
0.042273
0.164351
0.118014
0.0839149
0.077907
0.226834
0.206262
0.0142815
0.0127492
0.22147
0.310706
0.0773021
0.0688976
0.183697
0.140371
0.223116
0.0877062
0.437034
0.437034
0.0761387
0.0785501
0.154084
0.101776
0.0311759
0.0186422
0.244799
0.126922
0.026487
0.0767199
0.19477
0.0916776
0.00408788
0.00498123
0.37392
0.24525
0.0119199
0.145491
0.120705
0.0318839
0.219588
0.150718
0.288476
0.167767
0.0183407
0.105139
0.308079
0.0204478
0.182548
0.162421
0.226895
0.120001
0.0851511
0.37392
0.0996837
0.0240947
0.0108471
0.00329377
0.389727
0.176824
0.0176474
0.131449
0.0175249
0.205864
0.336301
0.0148334
0.173917
0.0549364
0.027723
0.0435803
0.188532
0.00807944
0.0706243
0.036464
0.0762643
0.158899
0.244579
0.389727
0.0418218
0.259229
0.35934
0.000318433
0.00581601
0.154671
0.181955
0.135062
0.000827937
0.228184
0.384634
0.0159884
0.0214791
0.0652379
0.108689
0.00266197
0.016584
0.177032
0.230707
0.063535
0.0464621
0.100356
0.13585
0.000733595
0.00845098
0.327764
0.427738
0.00153048
0
0.112078
0.116935
0.0119889
0.00675142
0.285889
0.308533
0.0145417
0.0251332
0.286384
0.21129
0
0.075037
0.148172
0.0886456
0.0491694
0.200225
0.144519
0.0327535
0.00103971
0.177223
0.160669
0.0258569
0.0762049
0.401915
0.23218
0.030794
0.0174676
0.009962
0.165413
0.131568
0.0277962
0.177223
0.401915
0.132919
0
0.0774496
0.177251
0.152565
0.107007
0.359116
0.3333
0.104974
0.0231756
0.0924793
0.0786281
0.101429
0.0547692
0.121712
0.279905
0.0685259
0.108438
0.0968563
0.272024
0.0636814
0.131616
0.222881
0.260863
0.0463997
0.0395073
0.133807
0.0958871
0.0186693
0.0849409
0.234468
0.457713
0.0682604
0.201507
0.139754
0.0676922
0.033687
0.218649
0.245186
0.190195
0.138423
0.176926
0.0333398
0.109592
0.161747
0.0728996
0.148213
0.171546
0.0336508
0.0336977
0.169112
0.152027
0.361863
0.281787
0.100494
0.197302
0.0832428
0.0928121
0.074046
0.0231617
0.0960706
0.0859567
0.139552
0.0945368
0.136452
0.141193
0.167162
0.0456481
0.386748
0.394656
0.0336302
0.0662077
0.173665
0.250361
0.081628
0.0751547
0.0900136
0.0960929
0.131408
0.204246
0.122621
0.132557
0.0220676
0.0265823
0.155522
0.0877883
0.253548
0.230248
0.177472
0.353104
0.052384
0.0253244
0.206707
0.22911
0.035493
0.068965
0.132142
0.189029
0.00247462
0.0158179
0.129353
0.299236
0.075465
0.0559553
0.298314
0.41147
0.0348757
0.0476262
0.180304
0.202518
0.121008
0.0405266
0.056781
0.174214
0.0914406
0.167641
0.332371
0.240397
0.0827389
0.0399422
0.104663
0.174736
0.0685671
0.0766419
0.078859
0.179987
0.039577
0.00448606
0.153949
0.372307
0.134707
0.293469
0.288361
0.251429
0.0598738
0.0139077
0.171144
0.291202
0.061086
0.0668293
0.162232
0.0626421
0.0137422
0.176182
0.250969
0.250779
0.0647067
0.173555
0.196227
0.00521669
0.00167968
0.172702
0.18359
0.25067
0.0484709
0.116241
0.164872
0.310955
0.162641
0.0578134
0.227095
0.235702
0.0525136
0.129915
0.18002
0.19503
0.244555
0.090468
0.204102
0.302405
0.0247747
0.255279
0.336848
0.000134918
0
0.0805486
0.0911766
0.0617057
0.00686073
0.187115
0.260222
0.000539671
0.0022895
0.229677
0.22662
0.000933005
0.0218824
0.250037
0.374033
0.0356244
0.0669581
0.0880042
0.139954
0.0774254
0.00896656
0.168514
0.410338
0.0232395
0
0.14062
0.307983
0.0199649
0.018333
0.0957201
0.107899
0.0148491
0.0226834
0.334818
0.288733
0.00717129
0.131571
0.116801
0.109882
0.131651
0.0735193
0.203076
0.17762
0.0665749
0.0397909
0.0851033
0.199213
0.0273543
2.60247e-005
0.129148
0.414321
0.156588
0.184795
0.204103
0.0710418
0.0340623
0.106865
0.202466
0.333613
0.301278
0.141807
0.180269
0.0343239
0.0507397
0.237696
0.236086
0.062437
0.13518
0.181455
0.0602086
0.022542
0.0655881
0.0997433
0.17193
0.134251
0.165908
0.0871906
0.150319
0.178662
0.38882
0.203043
0.151995
0.148418
0.111717
0.197309
0.171322
0.121969
0.205697
0.230764
0.282145
0.0982917
0.160813
0.176689
0.0981978
0.0594863
0.0594338
0.0618225
0.0933074
0.141997
0.171079
0.382354
0.11393
0.148899
0.176365
0.071116
0.0174943
0.157662
0.399915
0.187068
0.203898
0.127326
0.114921
0.0866771
0.126156
0.0893682
0.141799
0.169399
0.120915
0.0714771
0.30466
0.275866
0.0684884
0.076061
0.145634
0.0953505
0.0255098
0.100069
0.171251
0.0631227
0.0562371
0.121078
0.197431
0.0157078
0.0158615
0.143562
0.509131
0.0856304
0.0740358
0.251428
0.402861
0.0333566
0.00755937
0.0244401
0.202569
0.119272
0.0500621
0.0711957
0.10759
0.0478523
0.0119051
0.0825353
0.3098
0.0908519
0.104815
0.227468
0.258621
0.0615686
0.0326045
0.123116
0.306671
0.0164904
0.0118464
0.115177
0.296213
0.110826
0.0879986
0.184174
0.382403
0.0423247
0.00290579
0.228859
0.345271
0.0783556
0.0226983
0.084919
0.21436
0.106901
0.0702089
0.0979039
0.0931016
0.130642
0.0556022
0.18753
0.401673
0.115873
0.045887
0.109831
0.177769
0.0190683
0.0264928
0.0703642
0.26233
0.122628
0.00244502
0.174328
0.295706
0.0341841
0.0988072
0.134103
0.168477
0.184134
0.0145545
0.116838
0.359031
0.0501318
0.0174808
0.106242
0.326361
0.0360236
0.0355434
0.131676
0.277715
0.11925
0.087477
0.124691
0.325732
0.0318911
0.0117469
0.134798
0.375066
0.0688901
0.258455
0.340602
0.0398493
0.0642745
0.0450605
0.145506
0.150354
0.0369633
0.172516
0.334766
0.0565397
0
0.0765823
0.269877
0.0228315
0.25113
0.186224
0.181808
0.173547
0.0559554
0.0608821
0.192024
0.290792
0.125395
0.199836
0.120618
0.064601
0.0467208
0.134476
0.321989
0.044517
0.0240086
0.056069
0.22222
0.0980264
0
0.0281259
0.23121
0.161818
0.0631295
0.0751163
0.143477
0.0833726
0.109676
0.123855
0.303068
0.447744
0.0573096
0.0994987
0.148392
0.11607
0.00601372
0.0278197
0.109059
0.112617
0.0733108
0.0229914
0.219957
0.298961
0.0884182
0.0395902
0.167744
0.447744
0.0372909
0.0743038
0.131855
0.261826
0.110266
0.121947
0.122792
0.0466304
0.140951
0.207383
0.231691
0.275053
0.134734
0.100865
0.0664927
0.0672477
0.111125
0.106594
0.119678
0.0936764
0.0775383
0.273532
0.185646
0.0938822
0.210084
0.333031
0.37591
0.282217
0.0819347
0.061376
0.0559476
0.0667069
0.177976
0.155744
0.175694
0.149623
0.0920435
0.0690078
0.116469
0.151251
0.116663
0.043869
0.0634997
0.176943
0.192947
0.139122
0.174435
0.185648
0.116865
0.260182
0.353541
0.237415
0.135365
0.109486
0.0646932
0.0656923
0.047335
0.0368862
0.0839308
0.280548
0.229075
0.224826
0.22252
0.187355
0.0712766
0.0268438
0.0401499
0.220446
0.105454
0.108626
0.102059
0.106402
0.156066
0.0961197
0.0844283
0.269512
0.133362
0.180048
0.232484
0.204225
0.0788193
0.0534084
0.0733794
0.224741
0.13301
0.165357
0.142239
0.129247
0.248845
0.295119
0.2866
0.237084
0.114805
0.134091
0.203376
0.231636
0.0884929
0.0795579
0.0699109
0.0861003
0.148358
0.150168
0.151093
0.139142
0.148108
0.157181
0.233
0.240286
0.140653
0.0996438
0.118787
0.164104
0.109379
0.11554
0.0948332
0.0567937
0.0313883
0.212997
0.299003
0.25367
0.0658391
0.176108
0.364312
0.125496
0.0466537
0.216531
0.266298
0.24294
0.134951
0.0487036
0.124269
0.275444
0.03036
0.0481376
0.120352
0.179736
0.173181
0.0517336
0.152499
0.487702
0.0249889
0.0286887
0.145966
0.345246
0.0921897
0.138677
0.292435
0.0422276
0.014905
0.0188346
0.0617065
0.116984
0.151947
0.0947647
0.153217
0.0839599
0.00455915
0.0117943
0.0948509
0.383261
0.179341
0.0512238
0.140766
0.373373
0.115732
0.0704195
0.128
0.232648
0.137983
0.179357
0.0766512
0.148043
0.123851
0.124665
0.170946
0.0750373
0.231732
0.0374786
0.0695978
0.141199
0.0433116
0.0213134
0.0509318
0.465699
0.294121
0.0880109
0.0462055
0.109572
0.0929969
0.0568762
0.0741903
0.297319
0.130739
0.200147
0.110432
0.138375
0.0563035
0.0454169
0.0769699
0.151601
0.133523
0.0397521
0.169936
0.356531
0.198522
0.124411
0.196063
0.360881
0.20297
0.133159
0.059973
0.107928
0.0780547
0.0529437
0.091489
0.165007
0.160356
0.0719765
0.0736725
0.131992
0.148106
0.218873
0.318236
0.242984
0.241233
0.116208
0.138394
0.018166
0.030104
0.195373
0.16223
0.120481
0.40555
0.249452
0.209576
0.0933356
0.0359251
0.0669741
0.0296248
0.108038
0.208726
0.207117
0.182755
0.0733605
0.117972
0.157117
0.114126
0.135381
0.251661
0.13234
0.156466
0.161953
0.159173
0.251403
0.149239
0.138893
0.0962501
0.13773
0.158529
0.114827
0.0741701
0.199201
0.0452548
0.0169395
0.00218952
0.0276016
0.0475166
0.341803
0.150295
0.27541
0.0952663
0.0352156
0.11899
0.0818893
0.122807
0.146907
0.0701476
0.278484
0.148401
0.137636
0.309377
0.112013
0.074826
0.240774
0.07153
0.252991
0.121055
0.384834
0.0550187
0.089511
0.0534703
0.158434
0.0959422
0.131061
0.0410213
0.0168913
0.178099
0.292001
0.241606
0.105987
0.0775139
0.0959909
0.0408146
0.0355799
0.244801
0.275026
0.0683717
0.0927498
0.0525658
0.0752593
0.0213278
0.131353
0.356705
0.548819
0.206602
0.0803598
0.0679361
0.112167
0.04009
0.0371608
0.135152
0.144827
0.126873
0.0280491
0.0442449
0.168667
0.212932
0.17975
0.088041
0.133968
0.196717
0.0260875
0.029521
0.142393
0.252786
0.357777
0.217536
0.211343
0.136748
0.0510737
0.144574
0.27343
0.13606
0.12212
0.105536
0.115488
0.178852
0.038927
0.146828
0.215919
0.206307
0.292087
0.122405
0.155314
0.289813
0.0266522
0.00430155
0.0102081
0.042853
0.116398
0.192139
0.169215
0.208544
0.0911509
0.0153072
0.0100226
0.0264158
0.169557
0.124375
0.110377
0.235108
0.161979
0.109402
0.0635903
0.089747
0.121716
0.119644
0.0834976
0.218182
0.418847
0.494842
0.108887
0.0531285
0.0362329
0.188507
0.0699178
0.0511663
0.122225
0.065953
0.0457896
0.0588041
0.283797
0.166971
0.0485949
0.0441016
0.0961561
0.140757
0.144131
0.123112
0.224261
0.0394786
0.0461266
0.102665
0.362633
0.425998
0.201428
0.0583002
0.0381637
0.0120719
0.118024
0.23671
0.192699
0.229111
0.316762
0.0743239
0.0259357
0.111703
0.109763
0.090874
0.0625454
0.0703276
0.148764
0.143131
0.110363
0.122975
0.0520525
0.0740376
0.0616743
0.0452223
0.335986
0.393953
0.168343
0.0471207
0.227655
0.314417
0.0989244
0.121327
0.200745
0.115207
0.0173372
0.209401
0.103033
0.0974959
0.132497
0.126083
0.247404
0.264862
0.185424