40
45.5
49.75
44.625
37.125
35.25
29
26
24.25
18
15.125
11.375
6.5
1.625
0.375
3.5
12
26.25
35.375
28.875
12.875
-6.25
-27.375
-29.5
-18.25
-8.625
10.75
23
23.125
20.125
9.75
-2.375
-9
-10.5
23.25
29.5
22.875
11.75
5.125
2.125
3.75
3.25
1
-3.125
-0.5
2.75
6.375
16.25
19.625
21.625
23.5
24
20.625
13
5.625
-2.125
-9.375
-15.625
-11.375
-8.375
-1.375
13.25
15.375
10.5
0.125
-10.875
-21.25
-23.625
-3.25
-9.875
-18.625
-17.875
-10.75
-5.75
1.125
-0.25
-6.75
-11
-1.75
10.375
19.375
30
23.625
14.375
10
6.5
5.25
5.75
5.375
1.125
1.5
-2.25
-1.375
-4.625
-14.125
-13.25
-13.625
-9.5
-5.125
-3.875
-5.75
-6.75
-11.25
-19.625
-21
-12
-2.625
1.125
2.125
-1.625
-6.375
-2.875
7
14.25
18.875
13.875
0.5
-7.25
-9.375
-6.625
-2.875
0.625
1.75
1.125
9.875
10.625
2.625
-10.375
-28.125
-36.875
-36.875
-27.25
-18
-9.625
2.25
12.875
2.125
3.125
3.625
3.5
1.625
0.125
0.875
2.75
6.375
13.25
9.25
-0.125
-7.375
-20.875
-24.25
-18.625
-13.375
-5.625
-0.125
4
5.875
10.75
18.5
18.25
5.875
-7.625
-19.75
-29.875
-31.25
-31.125
-29.625
-22.25
-7.75
9.125
7.25
9.75
9.5
6
3.5
5.875
12.125
20.25
26
25.25
10.625
-6.625
-18.75
-24.5
-16.125
-2.375
8.625
12.75
11.375
7.625
3.625
6
5.375
5.125
1.875
-1.75
-3.75
-12.375
-19.125
-26.75
-28.5
-22.875
-15.625
-9
-9
-8
-6.25
-2.625
1.5
6.875
13.125
19.375
21.75
18.5
9
-2.375
-9
-6.75
0.75
11.5
21.5
21
14.25
4.875
-5.75
-11
-14.375
-12.875
-8.75
-5.75
-2.625
-5.125
-7.625
-6.875
-2.125
4.375
7.25
2.75
-26.75
-24.25
-20
-12.125
-5.25
1.25
7
9.375
8.125
4.625
1.375
-0.875
0.375
1.75
-4.5
-11.875
-12.625
-7.5
-0.25
5.75
0
-10.625
-15.25
-16.125
-11.625
-7.875
-5.375
-2.625
0
6.875
16.125
23.375
28.5
25.25
-19.25
-16.75
-12.5
-8
-2.75
3
8
10.5
9.75
4.75
2.5
4.125
8.375
7.375
-6.625
-28.125
-43.625
-39.125
-22
-3.75
3.5
-0.75
-5.75
-8.125
-5
-0.625
1
5
5.25
3.875
6.375
7.875
13.125
16.375
2.375
1.875
2.375
0
1
2.5
3.75
8.75
14
14
14.75
16.25
16
11.125
3.25
-11.25
-29.75
-33.75
-25.625
-16.75
-3.25
4.875
2.75
3.125
4.625
9.75
11.875
14
13.625
5.75
0.5
-3.5
-4.75
-1.875
6.125
1.375
-2.75
-6.625
-7.375
-7.25
-8.25
-3.75
2.75
9.375
17.625
21.125
13.625
2.625
4.75
7
3.25
-0.25
-7.875
-14.375
-5.625
5.625
7.25
8
8.375
11.125
12.25
11.375
11.375
8.875
6.5
4.25
-2.375
-6.875
-1.375
-9.5
-17.125
-18.875
-19.5
-20.125
-22
-22.25
-19.25
-9.125
4.25
7.125
-3.375
-8
7.375
29.5
42.25
31.625
4.375
-13.125
-10.25
1.75
7.5
4
2.5
4.75
6.75
5.375
3.625
7
11.25
10.75
2.625
-10.625
-0.75
-7.875
-15.125
-17.125
-18
-20.25
-22.5
-24.5
-23.625
-17.25
-15.375
-22.375
-24.5
-8.5
20.625
57
72.625
46.25
9.25
-12.625
-14.625
-3.125
6.375
0.625
-5.125
-2.625
1.125
2
-0.875
-0.375
0.875
-2
-10
-23.5
3.5
-0.875
-2
-2.375
-3.75
-6.75
-9
-7.5
-8.25
-11.875
-26.75
-35.5
-22
3
31.5
54.625
59.875
41.625
19
1.625
-5.5
-4.25
6.375
3.25
-7.125
-11.75
-13.625
-10
-12.125
-17.875
-26.75
-32.125
-35.625
-36.875
0.25
2.5
10
16.375
13.5
8
2.5
2.875
3.5
-1
-14.125
-14.875
-4.625
0
7.875
8.25
11.5
22.75
23
10.75
1
-4.75
5.5
11.5
6.125
-1.25
-8
-7.75
-14
-26.125
-39.75
-45
-44
-37.25
-9.5
1
10.375
18.125
17.25
12.5
7.75
5.375
7
5.125
1.625
7.25
2.25
-13.875
-25.625
-36
-22.375
13.75
30.875
19
1.75
-8.5
-7.5
10.75
22.375
21.125
20.375
13.125
1.125
-10.375
-18.25
-20.75
-19.375
-14.375
-15.75
-6.25
-4.75
-7
-5.875
-6.375
-0.625
3.875
0.125
-8.375
-1.5
17.75
19.125
8.625
-12.875
-34.25
-22.25
17
43.25
35
8.625
-9.75
-25.25
-8.125
14.875
17.75
23.5
20.75
22
26.5
27.625
23.75
19.375
21.875
-22.625
-14
-11.75
-14.375
-12.375
-11
-2.5
-1.75
-15.875
-20
2.25
30.75
44.625
35.625
5.25
-21.25
-25.25
-10.125
6.625
14.5
4
-7.125
-20.125
-18.625
-2.875
3.125
10.125
22
43
60
61.75
49
34.125
30.625
-25.375
-19
-9.25
-1.5
5.25
8.625
4.875
-12.75
-25
-6.5
23.5
47.5
52.75
27.375
-10
-41.75
-66
-82.125
-75.5
-39.375
-17
-7.875
-0.25
-13
-15.875
-8.125
-9.125
2.75
25.5
39
42.75
36.125
26
16.75
-15.25
-17.375
-13.125
-7.25
-0.375
5
-5.75
-21
-13.125
15.5
39.5
52
38.75
12.25
-20.625
-56.75
-88.375
-117.5
-104.75
-52.875
-15.75
-0.375
9
-8.625
-20
-10.875
-18.25
-25.375
-23.875
-23.125
-15.5
-3.5
5.375
4.25
1.125
-2.25
-4.625
-4
-3
-2.625
-9.875
-9.125
11.125
30.75
42.75
40.875
25.125
19.625
13.125
5.25
-11
-38.5
-37.25
-13.125
12.625
21.25
11.125
-3.875
-14.375
-7.375
-1.375
-17.125
-36.125
-43.375
-42
-31.875
-18.625
-8.25
21.5
16.25
14.625
17.5
15.625
7
0.375
7.75
27.875
39.25
41.5
29.75
28
46.25
71.5
97.25
90
61
35.125
19
27.25
34.625
17.625
3.375
-10.625
-17.125
-4.5
-8.75
-23.5
-25.75
-27.75
-27.5
-22.625
-13.75
20.875
12.75
13
15.5
12.875
4.75
6.25
23
42
48
39
18.875
25.875
55
87.625
111
100.25
75.25
45.625
25.5
27.875
34
24.375
8.75
-4.125
-18.625
-14
-7.125
-14.625
-17
-18.75
-17.125
-15.125
-15.25
-1.5
-3.5
-3.125
-9.625
-17.375
-15.75
1.25
22.5
34.375
31.125
11
-7.875
-0.25
20.25
37.75
48.5
52.125
55.25
50.875
44
39.5
37.125
31.75
17
6.125
-5.125
-6.5
5.5
4
-8
-16.25
-14.375
-11
-12.5
-2.625
-1.25
-8.625
-23.5
-33.375
-31.25
-20.75
-19.5
-29.375
-46.875
-66.625
-72.125
-65.5
-57.625
-51.375
-40.875
-18.25
12
31.625
30.25
18.5
14
16.25
12.5
2.875
-5.125
-12.375
-0.25
11.625
0
-10.25
-12.375
-8.875
-4.25
5.25
9.875
2.375
-4.5
-4
-7.875
-16.75
-37
-68
-95.875
-112.25
-115.5
-115.75
-116.625
-115.375
-109.25
-92.375
-68.125
-50.625
-51.125
-59.375
-59.75
-46.5
-28.25
-22.75
-21
-25
-18
-1.625
0.375
-1.125
-5.875
-5.125
0.25
8.875
14.75
16
21.25
29.625
31
22.875
9
-12.375
-30.875
-42.125
-49.5
-55.375
-61.375
-64.75
-67.125
-65.875
-62.25
-60.75
-65.875
-74
-81.875
-72.75
-49
-31
-20
-17.125
-16.125
-10.5
-0.625
4.75
0.375
-0.75
2.125
13.375
9.875
7.625
7.25
6.375
11.875
15.875
20.375
24.875
27.875
30.875
30.5
30.5
30.125
28.875
27.5
25.125
21.75
18.125
12.75
4.5
-9.75
-11.625
-2.875
6.375
9.875
5.875
-1.5
-8.375
-2.25
4.875
6
7.75
10.25
-1.875
-8.125
-13.625
-21
-30.25
-30.25
-26.25
-20.625
-12.875
-5.5
2.625
7.125
10.625
13.25
11.75
11.375
11
10.25
13.125
18.625
24.375
27.625
30.75
35.625
34.75
26.625
16.5
3.625
-4.625
-1.25
6.75
13.875
17.625
17.875
-15.875
-14.5
-13.625
-14.375
-16.875
-19.25
-22.625
-25.5
-27.875
-29.75
-31.25
-33.875
-39
-43.25
-43.75
-42.875
-40.875
-40.125
-39.75
-35
-22.375
-4.75
8.25
19.375
18.125
10.5
7.125
0.375
0.125
2.75
4.5
7.5
6.125
1.875
-4.25
2.125
8.125
14.875
18.875
14
4.25
-0.125
-2.875
-7.5
-13.125
-16
-18.5
-11.375
8.125
20.625
28.5
28.25
13.25
-6.5
-18
-18.375
-12.375
-3.5
-1.5
-3.5
-3.5
-2.75
2.125
2
-4.125
-9.25
-16.875
-23.875
13.25
16
22.125
28
28.875
23.375
16.875
14.375
10.75
3.5
4
14.25
34.75
66.625
94.875
110.75
118.5
117.5
101.5
70.625
32
3.25
-10.25
-11.125
-2.5
1
-1.875
-3.375
-2.125
-2.125
-4.625
-7.5
-12.75
-18.5
12.875
7.375
4.875
2.75
0.875
5.25
12.875
11.75
2.75
-0.375
11.75
28.625
53.375
67.25
66.125
70.25
73.125
76.5
76.375
73.5
52.125
22.375
1
-12.25
-9.75
0
2.875
-3.375
-5.75
-2.625
0.625
4
5.75
3.875
4.125
-3
-16.5
-26.5
-25.125
-12
2.875
4.875
-4
2.125
13.25
13.625
11.625
-17.25
-39.75
-37.5
-32.25
-22.625
-16.875
6.25
27
23.875
12.625
-3.75
-20.125
-11.75
2.875
-0.375
-2
-1.875
-1.375
1.75
5.875
7.875
6.5
5.25
3.75
-2.125
-16.375
-18
-10
-5.75
0.25
3.25
-3.875
-1.125
13
12.125
9.125
9.5
-1
-9
-0.125
19.125
27.125
13.5
-2.875
5.75
15.75
8.125
6.25
4.75
4.625
4.875
-4.25
-11.125
-13.75
-17
11
3.75
-2.625
-6.75
-16.375
-14.375
-8
-10
-6.25
-3.125
-5.25
6.5
15.125
5.5
7.125
12.375
2.75
-0.75
10.625
16.5
5.625
-7.875
-13.125
6.875
32.625
25.125
8.875
6.25
9.375
3
-12.875
-19.625
-18.5
-18.875
10.5
1.125
-5.875
-6.875
-11.5
-10.5
-11.125
-17
-11.25
-4.25
3.5
21.125
18.125
-0.25
2.125
8.125
4
7.25
13.5
4.75
-8.875
-11.875
-11
4.5
30.125
27.875
8.125
8
15.625
2.5
-20.125
-25.625
-17.25
-13.5
8
-2.375
-9.75
-10.75
-8.625
-6.875
-12.375
-19.125
-13.125
-1.625
13.5
28
15.125
-2.875
2
5
1.875
9.625
15.125
2.375
-9.25
-8.375
-5.125
3.375
15.375
14.875
5.375
11.625
20.875
4.5
-20.75
-24.875
-11.75
-3.875
-1.125
-5.125
-8.125
-8.25
-3.375
-0.375
-8.125
-19
-16.625
-2.5
16.75
27.375
9.375
-7.625
-1.75
2.125
5.125
18.375
20.875
2.5
-10.125
-7.5
-1
4.25
4.625
-0.125
-4.75
5.125
17.5
7.875
-11.875
-16.5
-4.25
5.875
-5.5
-4.75
-3.75
-4.5
-2.25
-0.125
-5.375
-14.25
-14.75
-2.75
13.125
14.375
-2
-7.5
3.375
10.625
15.375
19.75
10.875
-5.625
-8.125
-1.5
3.625
5.125
-4.125
-14.75
-11.5
4.125
13.625
7.25
-4
-6.125
4.625
13.75
-0.5
-3
-4.5
-4.625
-1.25
2.125
0.625
-6.375
-11.25
-5.5
1.5
-3.875
-10
-1.5
10.5
16.5
24.5
26.5
7.5
-12.125
-10.75
-2
3.625
4.375
-7
-19
-12.625
2.375
8.875
7.625
3.875
3.875
11.25
15.25
2.5
-1.25
-2.75
0.375
5.5
8.25
7.75
-0.125
-12.875
-16.625
-10.875
-9.125
-8.375
0.75
7.5
10.875
27.875
39
13.5
-16.75
-18.25
-8.375
0.25
5.625
-0.625
-13.875
-14.375
-2.125
6.5
8.625
9.875
12.875
16
10.5
3.5
0.25
1
6.25
10.75
11.75
11
4
-11.25
-22.5
-18.5
-8.375
-2.125
1.875
-2.625
-4.125
21.375
45.625
25
-12
-22.75
-15
-2.25
8.125
5.25
-8.125
-12.75
-2.25
8.25
9.375
11.125
17.375
20.125
8.625
4.375
0.875
2.125
8.5
14
16
14.25
6.5
-8
-22.75
-21.75
-6.25
2.75
-4.625
-21.25
-19.75
15.5
51.5
42.375
1
-24.5
-20.875
-2.75
10.875
7.875
-4.25
-9.375
-2.25
8.625
10
10.75
18.75
22.25
8.125
0.375
-1.375
2
8.625
14.875
19.75
16.75
7
-4.25
-18.125
-17.875
-1.625
-0.875
-20.125
-27.75
-13.25
8
36.5
48.875
18.375
-18.875
-22.375
-2.5
10.5
7.375
0.125
-5
-4.625
3.875
8.125
11.75
18
17.375
5.375
-8.125
-10
-1.125
8.125
13.5
17.625
15
9
4.25
-6.875
-9.75
-3.625
-15.625
-27.5
-4.875
18.25
1
-6.875
23.125
31.625
2.5
-15
-6
5.5
8
8.5
2
-10.125
-4.125
11.25
18
12
1.125
-4.875
-17
-18.375
-3.875
8.375
13.25
16.25
13
9.75
9.375
-0.5
-8.375
-12.625
-23.5
-13.75
31.125
50.25
-0.375
-45
-17.25
26.875
25.625
-1.375
-13.125
-4.375
7.625
14.875
4.875
-14.5
-8.875
13.125
21.375
6.75
-12
-16
-28.25
-21.125
-2.25
8.375
10.5
11.75
10.25
12
12.5
-1.125
-13
-16.75
-15.25
9
59
70.875
0.375
-70.375
-55
10.375
41.5
15.25
-15.375
-15
-1.125
14.75
8.875
-14
-12.625
8.875
19.5
3.875
-17.875
-22.875
-29
-20
3.5
14.625
6.5
-1.5
4.25
18.125
18
-5.5
-26.375
-26.625
-5.125
29
70.375
81.25
16
-72.25
-85.5
-16.75
48
36.25
-10
-22
-6.375
16.5
11
-18
-23
-4.125
11.5
3.5
-17.25
-26.5
-25
-13.5
8.875
16.375
4.5
-6.25
1.5
22.125
21.25
-15.875
-45.625
-23.5
22.75
33.125
46.625
76.25
44.375
-39
-86.625
-55.75
19.5
48
9.25
-21
-9.375
16.125
8.625
-21.625
-30.125
-14.875
3
3
-11.375
-20.375
-18.5
-3.5
13.75
11.25
-1.375
-5.875
6.375
27.625
17.625
-31.125
-45.25
11.25
43.875
-3.125
1.875
78.75
78.75
-4
-71.25
-79
-22.875
38.25
31.5
-6.125
-7.125
13.75
6.25
-18.75
-25.75
-16
-5.875
-6.25
-12.375
-10.875
-5.625
8.25
20.25
11.375
-0.625
-3.5
7
21.5
1.625
-33.75
-13.25
47.25
33.375
-53.875
-31.25
84.25
95
13.875
-52.125
-78.75
-46.75
21.875
42.125
12.875
4.875
14.375
5.375
-9
-13.25
-13
-14.5
-20.25
-22.625
-9.125
0.375
14.25
22
10.25
3.75
5.875
6.125
4.75
-11.25
-14.25
30.5
74.5
18
-95.625
-67
59.25
82.25
26.375
-18.75
-48.625
-51.5
-5.375
43
34
5.875
4.375
8.625
4.5
5
2.75
-13.75
-30.625
-29.5
-7.75
6.25
16.625
21.375
12.75
10.375
10.75
0.5
-9.5
-12.625
15.5
71.75
85.25
-10
-126.75
-86.625
31.25
52.125
17.25
6.25
7.125
-18.75
-33.125
14.75
48.125
20.5
-1.375
4.5
11.125
14.875
7.125
-15.5
-31.75
-28.375
-8.25
10.875
18
21.875
22.25
20
5.375
-17.375
-22.625
3.375
59.25
96
65.125
-35.875
-127.625
-87.875
7.75
23
-6.25
4.75
52.125
33.375
-40.25
-26.625
38.625
34.375
1.125
-0.125
8.875
13.625
8.375
-11
-27.625
-25.625
-6.5
0.25
10.5
22.625
30.25
22.875
-5
-32.625
-19
40.625
93
84.75
34.75
-37.25
-99.5
-75.25
-14
-8.5
-34.5
-4.375
81.5
73
-39.375
-61.875
14.875
39.875
9.125
-7
-5.5
1.75
9
1.75
-15.75
-19.625
-2.75
-5.375
6.25
24.5
35
18.875
-16.75
-29.75
11.25
72.5
90.25
55.5
15.125
-26.125
-62.75
-47.875
-15.5
-28.5
-62.5
-24.625
84
94.875
-29.25
-93.125
-22.75
46.875
31.625
-9.5
-19.875
-12.375
1
5
-8.875
-14.625
0.25
-10.25
1.25
24.625
34.625
7.625
-26
-14
41
82.625
73.125
33
6.125
-10.25
-26.25
-20.75
-8
-30.125
-70
-38.875
63.75
88.25
-12.875
-94.5
-63
18.625
44.375
7.75
-21.75
-21.5
-5.25
0.5
-9.625
-8
6.75
-16.125
-5.25
21.375
27
-2.875
-27.25
-2
51.75
71.875
47.375
15.875
3.625
1.5
-0.625
0.375
-4.875
-31
-56
-26.875
46
66.25
1
-70.25
-79.75
-17.875
43.625
30.125
-15.5
-28.625
-13
-4.75
-7.375
0.125
8.75
-9
-5.375
18.875
20.75
-7.25
-21.625
6.75
45.75
43.75
18.125
4.25
2.5
3.75
4.375
3.625
-3
-17.125
-27.125
-11.375
26.625
40.625
8.75
-41.75
-73.25
-36
39.75
47.5
-3.5
-27.375
-18.625
-13.375
-8.875
7.125
14
-7.875
-8.25
14.25
14.25
-6.875
-12.5
7.875
26.75
18.125
5.125
2.625
2
2.625
3.625
4
1.875
-2.625
-5
-0.25
9.625
13.25
5.125
-18.25
-52.5
-41.5
27.75
52.375
9.125
-20.25
-21.875
-19.75
-9.875
11
21.125
-8.375
-8.625
9.625
7
-5.625
-6.625
1.875
10.125
6.375
2.375
3.375
1.25
0.75
4.125
5.375
2
0.375
3.25
5.875
4.25
1
0
-5.375
-26.125
-30.625
12.625
39.375
15.25
-10.125
-19.75
-16.875
-5.75
9.5
21.25
-6.375
-5.875
8.125
5.5
-3.75
-3.25
2
5.125
2.125
2
4.375
-0.875
-4.375
0.75
2.75
-2.875
-3.25
3.5
7.625
5.875
3.375
1.875
-0.75
-8.375
-13.25
3.625
19.75
14.125
-2.125
-16.25
-11.25
0.625
7.875
16.375
-5.125
-6
2.875
1.875
-3.375
-1.75
3.375
7.5
8.625
8.25
3.75
-6.125
-7.75
1.75
7.5
2.125
-2.625
0.125
3
3.5
7.625
8.5
2.5
-3.625
-10.625
-6
7.875
12.375
0.125
-15.25
-9.5
2.75
6.625
11.375
-3
-1.125
5.375
0.625
-6.875
-8.5
-5.5
5.875
15.875
9
-4.125
-3.75
6.75
14.375
19.375
13.625
-0.25
-6.5
-8.5
-10.5
-0.5
15.375
15.125
1
-14.25
-14.75
0.5
10.25
1.625
-12.5
-9.875
0.75
4.625
5.625
-1.25
3.5
10.125
4.5
-7.125
-13.875
-10.625
4.375
11.25
-3.75
-9
12.5
28
26.125
27.125
22.25
4.25
-10.5
-19.75
-27.625
-21.75
2.5
20.25
12.125
-10.75
-18.5
-2.375
10.375
3.125
-9.625
-10.625
-3.5
1.25
1
-2.375
2.875
9.125
4.75
-3.875
-11
-11.125
0.75
4.25
-5.375
6.25
31.125
32.625
22.75
32.875
40.25
13.625
-19.25
-34.375
-35.5
-30.125
-22.625
-0.75
19.25
1.75
-20.75
-4.875
13.625
4
-10.375
-12.125
-6
-0.75
-2.375
-3.875
-4.5
1
1
0.125
-0.5
-1.875
-1.125
-10.5
-11.875
23.25
42.875
24.875
17.25
39
55
23.5
-21.625
-40.625
-34.5
-26.5
-40.375
-31.625
13
16.125
-15.25
-5.625
14.125
1.25
-13.625
-10.625
-1.25
0.375
-6.125
25.4444
25.8333
24.3333
20.7778
17.2222
14.1667
12.5556
8.88889
10.3889
11.1667
11.1667
13.6667
17
21.3889
20.7222
23.4444
25.8889
21.3889
14.7222
8.22222
-0.333333
-11.8889
-14.7222
-13.5556
-8.83333
-1.55556
5.5
9.72222
4.66667
2
-2.11111
-8.11111
-0.111111
-1.83333
-1.88889
-1.55556
-0.833333
-1.44444
-0.555556
-1.11111
3.33333
7.44444
10.5556
15.8333
18.8333
19.5
14.8333
14.3889
13.5556
9.61111
7.94444
7.83333
7.66667
-0.722222
-4.33333
-8.27778
-12.1667
-13.9444
-16.8889
-15.1111
-17.5
-15.3889
-11.8889
-9
-6.61111
-9
-8.44444
-5.33333
-2
-1.44444
-0.0555556
2.22222
5.66667
6.77778
7
7.88889
7
3.77778
-0.111111
0.333333
-0.777778
-0.277778
2.94444
6.05556
10.4444
7.94444
3.38889
-4.38889
-12.5
-20.2778
-31.1111
-34
-31.7778
-25.2222
-16.4444
-5.83333
-1.88889
-3.5
-3.16667
0
3.72222
6.22222
8.83333
13.3333
12.5
7.22222
2.27778
-2.5
-7.16667
-11.7222
-9.5
-4.05556
-1.72222
2
6.05556
9.72222
12.1111
11.3333
5.77778
-1.16667
-8.5
-19.8889
-32.5556
-38.5
-35.3889
-30.3889
-22.3889
-9.05556
-0.611111
1.11111
2
4.77778
9.88889
15.3889
18.6667
21.2222
17.0556
8.44444
-0.555556
-8.44444
-12.9444
-13.4444
-5.61111
2.22222
5.11111
7.5
8.05556
7.11111
3.22222
2.05556
-0.555556
-3.61111
-7.16667
-15.3333
-22.7778
-27.7222
-25.5
-22.1667
-17.2222
-9.16667
-11.6111
-7
-3.38889
1.05556
7.77778
15.6667
19.6111
19.4444
14.8333
8.33333
0.944444
-5.77778
-10.1111
-9.61111
-2.33333
3.94444
5.66667
5.94444
4.66667
1.94444
-4.88889
-7.72222
-8.22222
-8.94444
-9
-10.4444
-10.3333
-11.0556
-8.44444
-4.22222
0.555556
3.05556
-21.0556
-15.2778
-8.94444
-2.38889
5.05556
12.7778
16.5
14.5556
11.7222
9.44444
6.72222
1.38889
-5.94444
-10.1111
-9.77778
-7.88889
-8.61111
-8.44444
-6.66667
-5
-7.66667
-10.8889
-11.2778
-10.8889
-8.72222
-4.94444
-1.27778
0.944444
4.27778
9.22222
14.8333
14.8333
-17.2222
-13.7222
-8.44444
-2.94444
2.83333
8.61111
12.3333
12
11.8889
13.1111
14.1111
8.55556
-1.38889
-10.7778
-18.8333
-22.7222
-24.1111
-22
-16.9444
-9.61111
-4.16667
-4.5
-6.11111
-4.16667
-1.11111
3.22222
6.05556
7.94444
10
11.6111
15
14.7778
-6.83333
-7.77778
-6.83333
-4.77778
-2.05556
1.72222
6.05556
9.22222
12.7222
16.3889
17.6667
11.6667
5.88889
-1.38889
-14.2778
-23.6111
-23.2778
-19.0556
-16.9444
-11.3889
-1.22222
3.44444
2.44444
5.83333
8.38889
10.1111
10.8333
11.6111
11.4444
7.94444
6.22222
5.27778
-2.5
-7.33333
-11.0556
-12.6667
-13
-10.5556
-5.88889
0.388889
7.11111
11.3333
10.5556
7.94444
13.1667
15.6111
4.94444
-6.38889
-4.22222
-0.5
-6.33333
-11.1111
-4.33333
4.94444
8.05556
11.6667
12.3889
11.4444
12.1111
14.5
14.3333
7.72222
1.22222
-1.66667
-5.66667
-11.8889
-17.9444
-21.2222
-23.2778
-22.2778
-19.2778
-13.2778
-8.11111
-6.88889
-7.88889
-1.83333
15.7778
29.4444
28.9444
22.2222
22.4444
20.5556
7.72222
-7.27778
-8.66667
-0.111111
7.61111
9.22222
6.55556
4.05556
4.5
8.83333
8.94444
2.11111
-6.61111
-11.4444
-4.44444
-10.9444
-17.5556
-21.3333
-23.2778
-23.1667
-23.1667
-21.1667
-21.6111
-22.8333
-20.2222
-7
14.0556
33.9444
46.5556
45.9444
39.0556
29.2222
16.8889
-1
-9.61111
-5.61111
3.72222
4.44444
-1.11111
-4.44444
-5.44444
-1.94444
-3.05556
-9.33333
-17.8889
-24.4444
0.444444
-1.16667
-5
-7.11111
-8.11111
-7.83333
-11.6667
-15.9444
-23.6111
-25.6111
-20.0556
-10.8333
2
20
42.6667
48.2778
36.3889
24.2778
20
8.11111
-2.83333
-6.22222
2.11111
4.05556
-2.22222
-6.55556
-12.8333
-16.5556
-23.6111
-29.2778
-37.3889
-44.6111
4.05556
6.38889
6.22222
5.27778
4.5
4.94444
1.05556
-6.88889
-15.4444
-10.6111
-4.72222
-7.83333
-8.77778
3.16667
25.7778
32.0556
22.8333
15.7222
18.3333
15.7222
5.55556
-3.77778
0.0555556
7.66667
6.83333
1.16667
-7.22222
-15.2778
-24.2222
-29.9444
-36.3889
-40.7222
-3.72222
3.38889
6.72222
7.77778
8.22222
8.55556
4.88889
-2.88889
-4.44444
6.5
6.77778
-8.5
-17.3333
-10.2778
2.77778
7.27778
9.5
12.5556
16.5
19.0556
10.1667
-1.16667
-1.33333
10
17.9444
15.2222
11.1667
3.72222
-4.94444
-10.5556
-15.6111
-15.8333
-14.0556
-8.61111
-2.16667
1.27778
3.44444
0.166667
-3.88889
-5.94444
3.5
19.7222
17.1667
3.5
-1.5
-1.11111
-6.72222
-10.3889
-1.27778
7.5
5.77778
9.38889
5
-2.72222
-7.66667
1.38889
17.3333
23.2222
30.6111
31.6111
30.5556
27.8333
25.5556
26.1667
-23.3889
-18.1111
-10.2778
-4.77778
-2.5
-9.61111
-15.0556
-8
10.8333
25.0556
22.3889
17.7222
14.7778
-0.222222
-27.6667
-42.7222
-33.3889
-19.5556
-20.6667
-15.1111
-6.27778
-3.38889
-10.7778
-12.7222
2.61111
17.5
29.7222
36.7778
43.0556
45.8333
46.7222
45.0556
-24.3333
-18.3333
-8.72222
-3.72222
-4.55556
-12.8889
-14.1111
1.11111
19.1111
28.4444
30.2222
36.1667
28.3333
-6.55556
-47.9444
-71.8889
-69.8333
-54.8889
-48.8889
-38.8889
-17.8333
-2.16667
-6.22222
-18.7778
-12.3889
4
12.7778
18
27.0556
33.2222
36.2222
32.7778
-17.0556
-10.6111
-4.05556
-3.33333
-9
-12.5556
-4
13.6111
25.3889
30.8889
39.5
48.9444
30.2222
-9
-44.6667
-69.9444
-74.6111
-61.5
-46.5556
-37.7222
-18.4444
2.5
2.16667
-16.5556
-24.1111
-16.3889
-15.1111
-15.4444
-10.4444
-5.05556
0.666667
3.83333
1.72222
4.33333
5.55556
1.61111
-4.83333
-0.944444
14.8889
26.8333
30.7778
35.3889
49.7778
60.3889
45.7778
25.0556
7.77778
-9.83333
-20.8889
-18.3889
-7.88889
-9.33333
-7.16667
8.88889
13.7778
-4
-21.4444
-23.8333
-23.8333
-29.2222
-33.5556
-32.5556
-28.8333
-21.1111
16.2778
14.5
9.77778
3.88889
3.27778
14.3889
29.7222
34.6111
36.8333
41.8333
57.2222
66.3333
63.7222
68.0556
70.6111
64.3889
49.2778
38.8889
38.5
27.7778
12.8889
13.2222
16
3.11111
-17.1111
-27.9444
-26.1667
-27.3333
-35.0556
-36.8333
-34.9444
-26.5
19.0556
12.9444
3.77778
-1.44444
6.11111
20.0556
28.6667
28.8889
32.1111
34.7778
43.2778
51
62
78.9444
91.2778
99.0556
88.1111
70.6667
61.5556
54.0556
37.1111
20.9444
17.7778
12.6111
-2.16667
-17.6667
-18.7222
-15.6667
-22.5
-26.2778
-28.1667
-26.2778
4.66667
-1.11111
-10.3333
-14.5556
-5.22222
2.83333
1.5
-2
-2.16667
-6.83333
-10.1667
-7.22222
4.88889
20.9444
39.3889
59.7778
60.6667
48.7222
44.3333
49.4444
40.6111
15.5556
5
9.22222
4.27778
-10.9444
-16.1111
-9.33333
-9.83333
-14.3889
-16.1667
-18.0556
-1.22222
-6.33333
-13.1111
-15.7778
-13.1111
-18.3889
-29.7222
-39.7222
-50.3333
-64.7778
-77.0556
-78.1111
-70.5
-60.1667
-41.5
-16.1667
-4
-6.88889
-5.11111
8.83333
11.3889
-8.38889
-20.0556
-8.11111
-1.5
-8.88889
-15.4444
-10.2778
-5.44444
-8.72222
-9
-11.1111
3.16667
1.88889
0.333333
-0.111111
-4.72222
-18.8333
-34.8889
-49.6667
-68.9444
-89.0556
-103.611
-108.333
-107.111
-102.611
-88.8889
-69.4444
-56.6667
-55.5556
-52.7778
-42.8333
-35.5
-40.9444
-45.7778
-32
-18.2222
-12.5
-14.5
-12.5
-5
-4.11111
-2.22222
-2.72222
11.1667
11.1667
12.1667
13.8889
8.16667
-2.94444
-13.9444
-24.7222
-40.3333
-55.7222
-64.6667
-68.2778
-69.8333
-70.3889
-65.5556
-57.2222
-51.6111
-53.5
-55.6667
-55.3889
-49
-43.7778
-41.7778
-33.7222
-21.5556
-9.11111
-8.77778
-11.3333
-5.72222
-0.0555556
3.22222
4.16667
5.61111
4.16667
4.27778
5.55556
1.94444
-0.555556
-2.22222
-3.55556
-7.11111
-12.7778
-14.8889
-15.6111
-17.1667
-20.2778
-21.7222
-20.5
-20.0556
-22.8889
-25.1667
-27.9444
-23.3889
-14.2222
-9.11111
-8.88889
-5.16667
3.11111
1.61111
-4.61111
-2.77778
4.88889
8.55556
10.1667
-6.83333
-9.83333
-11
-11.7222
-15.1667
-14.2222
-11.0556
-7.38889
-4.94444
-4.83333
-3.55556
-2.44444
-2.77778
-4.66667
-5.77778
-5.66667
-5.66667
-5.94444
-3.88889
-2
3.05556
12.6667
18.2222
15.8889
12.9444
12.2778
8.33333
1.33333
0.777778
6.66667
8.88889
9.61111
-8.94444
-9.05556
-8.83333
-10.1667
-14.8889
-16.2222
-16.0556
-17.5
-19.5556
-18.5
-15.6667
-13.5556
-9.94444
-4.44444
1.05556
2.61111
2.11111
-0.0555556
-0.833333
1.27778
4.11111
10.6667
15.3889
16.7222
14.7778
10.1667
7.05556
2.11111
0.666667
3
2.61111
0.277778
3.55556
6.44444
8.27778
7
3.38889
1.33333
-2.72222
-11
-16.0556
-12.2222
-5.83333
0.166667
12.2222
29.5
42.8889
46.8333
44.6111
36.1667
22.5
12.1111
5.05556
1.66667
-0.222222
1.55556
4.61111
3.16667
2
-0.444444
-2
-2.83333
-5.88889
-10.6667
11.7778
14.5
16.5
16.7222
15.7778
14.0556
7.66667
0.277778
1.22222
9.33333
18.8889
29.3889
49.5
71.8889
84.4444
87.7778
85
76.7222
54.7778
30.8333
13.5556
3.05556
-5.33333
-10.0556
-6.16667
-2.05556
-0.833333
-3
-4.16667
-4.66667
-7.22222
-11.4444
10.0556
7.33333
6.72222
8
11.0556
11.6667
7.77778
9.44444
18.3333
21.5
24.6667
31.3333
48.8333
62
64.5556
68.5556
70.1111
75
63.9444
40.8333
22.2222
13.0556
2.83333
-10.1111
-11.5556
-4.55556
-0.777778
-3.33333
-2.61111
-1.55556
-3.05556
-4.38889
1.33333
-1.61111
-7.55556
-12.5556
-16.5556
-16.1667
-14.1111
-8.77778
-2.16667
9.05556
16.1667
19.3333
13.4444
9.72222
3.72222
0.777778
1.11111
8.16667
15.9444
14.3333
6.77778
3.66667
9.5
18.6667
16.5
13
9.27778
10.7222
3.11111
-9.22222
-20
-23.6667
0.888889
-2.94444
-8.77778
-12.7778
-16.3889
-17.8889
-18
-12.1111
-1.66667
11.3333
17.1111
14.8333
6.83333
4.5
4.94444
8.5
11.7778
14.1667
11.9444
2.16667
-5.44444
-2.16667
10
20.1667
17.2778
13.7222
12.7778
14
4.16667
-10.8333
-20.4444
-20.4444
-0.166667
-6.66667
-11.7778
-12.6667
-13.8889
-16.2222
-18.6111
-14
-2.33333
10.5556
15.6667
11.4444
4.55556
3.44444
7.55556
14.7778
19.1111
16.1667
6.27778
-5.5
-9
-3.72222
6.72222
13.2778
13.1667
11.3889
12.1111
10.7778
0.444444
-13.4444
-19.2222
-13.9444
-3.55556
-10.1667
-12.5
-10.4444
-9.38889
-12
-15.6111
-14.6667
-3.83333
7.55556
13.2778
9.27778
6.38889
8.83333
13.8333
17.3889
16.5
10.2222
0.722222
-7.27778
-6.88889
-2.44444
4.22222
5.83333
5.83333
5.77778
9.77778
9.94444
1.05556
-11.0556
-14.9444
-8.05556
-5.61111
-7.55556
-5.66667
-2.33333
-2
-7.16667
-13.5556
-15.4444
-5.94444
4.66667
10.3333
6.11111
3.5
7.33333
15.5
22.5556
21.5556
11.5
-2.72222
-11.3333
-9
-2.16667
3.66667
0.944444
-3.38889
-4.33333
4.22222
11.1667
8.5
-0.166667
-3.88889
0.0555556
-2.61111
-2.22222
0.944444
3.72222
3.44444
-2.88889
-11.1667
-15.4444
-9.38889
-1.33333
3.38889
0.111111
-1.77778
1.94444
14.3333
28.5
31.3333
17.5
-4.11111
-14.6111
-10.4444
-0.722222
3
-4.16667
-11.5556
-10.7778
1.44444
11.9444
13.1111
9.22222
8.77778
10.8333
0.388889
-0.5
2.16667
6.16667
8.5
4.44444
-4.5
-13.4444
-15.0556
-12.2222
-6.83333
-4.83333
-3.61111
-1.88889
9.77778
28.5556
38.7222
27.1111
0.888889
-14.4444
-12.8889
-1.55556
1.16667
-4.66667
-12.7222
-10.5
-1.5
8.16667
11.0556
12.8889
16.8333
18.8333
0.777778
0.944444
5.22222
10.9444
14.8333
12.3889
2.33333
-11.7778
-20.5556
-20.6667
-13
-8.11111
-7.05556
-7.11111
5.16667
26.9444
41.2222
31.7778
4.5
-14.5
-15.7222
-2.94444
2.66667
0.833333
-8.44444
-8.77778
-4.61111
4.72222
9.55556
14.8333
20.1111
20.1111
-0.166667
2.55556
9.27778
16
19.1667
16.3889
5.94444
-8.22222
-18.5
-19.3889
-13.8889
-12.4444
-12.6667
-10.3889
4.38889
23.9444
37.0556
30.9444
7.83333
-12.1667
-16.8889
-4.66667
4.22222
5.27778
-3.94444
-6.55556
-4.38889
5.5
12.2222
18.2778
21.4444
17.0556
-3.83333
1.33333
10.9444
18.8889
21.3333
17.8889
8.44444
-3.38889
-11.8889
-15
-14.5556
-17.5
-14.3889
-5.94444
8.27778
17.8333
24.4444
24.5
12.8889
-3.44444
-13.3333
-6.5
3.05556
8.55556
1.83333
-2.66667
-4.66667
5.38889
15.3333
22.1667
20.2222
9.11111
-9.22222
-1.11111
10.8333
19.6667
22.0556
19.5
10.8333
0.166667
-10.2222
-16
-17.4444
-15.5
-3.55556
9.77778
15.9444
8.55556
4
9.44444
14.1667
7.5
-4.77778
-8
-0.944444
7.77778
6.66667
0.611111
-6.05556
0.944444
11.8333
19.4444
15.5
2.22222
-15.3333
-3.5
8.88889
16.3333
18.6111
19.7222
14.6111
5.72222
-9.27778
-17.3889
-18.4444
-8.11111
11.7222
29.2778
27.6667
1.94444
-19.3889
-14.4444
7.44444
16.1111
7.5
-6.38889
-5.5
2
7.22222
2.66667
-6
-3.27778
5.72222
13.1111
8.88889
-4
-15.7778
-1.94444
10.3333
13.1111
12
16.1667
16.4444
11.5
-8.27778
-19.7222
-23.3889
-7.5
19.7778
48
48.7778
10.3889
-32.9444
-39.8333
-7.88889
18.7778
20.0556
-0.666667
-6
-1.94444
7.44444
1.11111
-10.6111
-12.4444
-2.61111
7.27778
3.94444
-9.94444
-15.1667
-0.277778
11.4444
11.2778
7.94444
13.2778
16.9444
12.8889
-10.2222
-21.3889
-22.6111
-1.61111
26.3333
60.1667
66.4444
25.9444
-33.7222
-59.5
-31.4444
8.38889
24.7778
7.66667
-2.61111
-1.77778
8.27778
-0.166667
-16.1111
-20.5
-7.88889
4.38889
0.388889
-14.9444
-11.8333
1.16667
9.38889
7.44444
6.44444
15.4444
18.7778
8.88889
-16.4444
-19.6111
-11
9.61111
27
58.9444
74.7778
43.1667
-24.1667
-69.1111
-53.6111
-9.61111
20.9444
14.5
4.55556
2.44444
9.94444
1
-15.1667
-21.0556
-11.3889
-3.33333
-8.61111
-19.1667
-1.61111
9.27778
12.0556
6.72222
5.88889
13.9444
13.1111
0.388889
-18.5
-6.72222
6.72222
15.5
13.1667
39.6667
69.0556
54.3889
-8.38889
-64.2778
-64
-23.3889
14.8889
20.7222
13.1111
6.5
10.1111
4.22222
-6.72222
-15.1667
-15.4444
-15.8333
-20.2222
-22.5
7.83333
17.4444
16.6111
8.11111
3.94444
7.5
5.61111
0
-4.38889
18.3889
22.8333
7.05556
-21.8889
0
46
57.5
12.9444
-41
-54.6667
-27.1111
9.38889
26.0556
21.5556
9.27778
6.5
5.05556
0.388889
-6.66667
-12.9444
-18.7222
-24.6111
-24.3889
15
21.8889
21.1667
12.7222
4.33333
1.33333
0.222222
5.55556
16.6667
43.1111
31.1111
-10.5
-59.6667
-37
22.0556
54.2222
28.2778
-13.5556
-32.4444
-21.5556
0.0555556
22.3889
28.7778
22.2222
10.9444
3.55556
-2.22222
-5.88889
-11.0556
-17.5556
-24.8889
-24.6667
18.1667
23.7222
23.0556
16
5.11111
-3.22222
-2
14.3889
39.9444
66.8889
41.7222
-19.3889
-82.3333
-62.1111
0.111111
40.8333
27.6111
2.05556
-10.8889
-11.8333
-10.8889
8.16667
24.3889
30.5556
16.1111
5.27778
-0.111111
1.77778
-3.22222
-15.1667
-27.1111
-24.8333
18.0556
27.5556
27.2222
16.3889
0.277778
-8.94444
0.333333
29.8333
64.2222
84.2778
46.3333
-25.0556
-87.6667
-70.8333
-19.8889
10.1667
4.66667
6.83333
16.6667
11
-13.9444
-11.2222
10.8889
29.3333
19.4444
6.38889
2.94444
6.77778
1.55556
-13.8889
-27.7222
-24.4444
18.6111
33.0556
33.5556
17.3333
-4.27778
-10.6111
11.0556
51.1667
83.0556
86.9444
37.2222
-30.3333
-81.7222
-69.0556
-37.9444
-23.2778
-21.7222
7.77778
42.1667
37.8889
-10.2222
-30.7778
-9.77778
21.7778
23.5556
8.38889
0.5
1.66667
0.0555556
-10.5
-21.8333
-21.5
12.7222
28.9444
31.2222
14.6667
-5.33333
-3.61111
28.7778
70.2222
90.3333
77.1111
26.1667
-27.3333
-66
-59.3889
-45.2778
-38.6111
-31.5556
10
54.4444
50.1667
-9.33333
-48.7222
-34
6.38889
23.2778
9.66667
-5.83333
-10.2222
-6.5
-6.94444
-11.5
-11.0556
6.88889
22.1111
24
8.22222
-7.55556
0.944444
37.8333
72.5556
81.0556
58.9444
18.3889
-17.3333
-40.2222
-36.5
-33.6111
-38
-35.8889
3.72222
51.3333
51.8889
-7.72222
-57.8889
-51.3333
-5.11111
24.5
15.0556
-7.77778
-19.6667
-15.7222
-10.1667
-7.72222
-2.94444
5.77778
21.5556
21.1111
3.22222
-10.7778
1.16667
37.0556
62.3889
61.7778
38
11.2778
-7.33333
-16.6111
-15.3889
-20.0556
-33.3889
-38
-7.22222
37.4444
45.5
-2.94444
-54.6111
-58.0556
-14.7778
23.9444
23.8889
0.444444
-17.7222
-19.1111
-14.3889
-8.77778
0.555556
2.05556
18.5556
18.2222
1.55556
-8.38889
6.5
37.2222
51.1111
42.1667
20.6111
5.72222
0.333333
-0.333333
-2.27778
-13.2222
-29.5556
-33.5556
-9.33333
24.5556
31.9444
-3.5
-47.6111
-55
-20.4444
21.7778
28.5
7.16667
-16.5
-22.6667
-17.1111
-7.44444
3.61111
-0.388889
10.5
9.72222
-1
-3.05556
13.2778
35.2778
38.3889
26.3333
11.3889
4.44444
4.38889
4.94444
2.83333
-6
-15.6667
-16.7222
-2.5
15.1111
17.7222
-5.11111
-38.5556
-48
-23.8333
16.1111
28.4444
10.5556
-14.6667
-24.6111
-18.0556
-5
7.61111
-2.72222
3.05556
2.38889
-2.88889
-1.27778
9.77778
21.4444
20.7778
14.6667
8
4.22222
3.5
3.27778
3.16667
-0.388889
-2.27778
-0.166667
6.55556
12.7222
12.6111
1.05556
-22.2222
-35.2222
-23.7778
7.5
24.4444
12.6111
-9.5
-22.1111
-16.5556
-2.55556
10.8333
-1.94444
1.72222
1.33333
-2.61111
-3.5
1
7.27778
9.05556
6.83333
2.61111
-2.33333
-1.22222
1.66667
5.66667
4.44444
3.22222
3.44444
6.16667
10.2222
12.4444
10.0556
-4.88889
-18.2222
-17.6667
2.05556
19.0556
14.3333
-2.66667
-17.2222
-15.5556
-3.44444
9.27778
2.61111
6.38889
4.94444
-2.5
-7.77778
-4.44444
3.05556
7.61111
3.33333
-0.611111
-2.88889
5.44444
11.3889
15.6667
10.2778
3.05556
-4.22222
-7.83333
-5.5
0.611111
8.88889
5.44444
-3.16667
-9.94444
-1.55556
11.0556
11.9444
0.555556
-13.3333
-14.7778
-5.16667
5.83333
2.22222
5.11111
3.16667
-4.44444
-8.61111
-2.77778
5.5
8.22222
3.27778
3.88889
10.6111
22.6111
27.4444
26.7222
17.1111
4.83333
-8.38889
-18.8333
-23.3889
-19.5556
-5.16667
4
3.44444
-6.55556
-6.72222
1.38889
6.33333
0.222222
-10.1111
-11.8333
-4.55556
3.11111
0.888889
1.72222
-0.166667
-5.38889
-7.55556
-3.16667
1.66667
5.38889
7.44444
16.1111
23.7778
28.8333
30.3889
31.4444
26.1111
9.88889
-10.2222
-23.3889
-27.6667
-24.3889
-14.5556
-2.16667
2.66667
-3.83333
-9.61111
-4.5
2.16667
0.555556
-7.27778
-8.88889
-3.33333
0.888889
-1.83333
-1.66667
-0.611111
-1.33333
-1.83333
-1.33333
-4.22222
-2.55556
3.55556
17.9444
24.3333
24.2222
28.7222
37
39.3333
18
-10.8889
-27.5556
-28.5
-22.8333
-20
-10.9444
-3.61111
-0.777778
-5.66667
-1.11111
2.44444
0.222222
-8.72222
-10.1111
-4.05556
-0.944444
13.2188
13.1875
12.0625
10.1563
8.59375
8.28125
13.25
15.0625
13.75
12.5
11.0625
11.4063
14.125
18.5938
17.2813
14.5
12.0313
10.0938
9.96875
7.15625
3.59375
-4.6875
-10.7813
-12.2813
-12.625
-13.875
-16.8438
-16.4375
-15.9063
-11.2188
2.84375
2.5625
2.625
3.5
4.40625
6.65625
11.0625
11.2188
9.90625
8.96875
7.15625
7.34375
9.6875
10.75
7.6875
6.65625
6.53125
7.40625
10.5
8.15625
2.125
-6.1875
-11.4063
-15.5313
-20.4375
-25.4063
-31.4375
-31.4688
-27.4688
-19.4063
-3.5
-2.5625
-0.40625
2.78125
5.4375
8.84375
10.4375
8.09375
5.84375
3.875
0.40625
-0.90625
0.09375
-0.5625
-1.21875
1.8125
4.03125
6.96875
10.8438
10
3.25
-3.5
-8.03125
-14.1875
-20.5313
-26.0625
-30.6875
-30.5313
-24.4375
-16.0938
-6.09375
-2.5625
2.84375
9.03125
13.2188
16.5938
15.75
12.0938
8.875
4.71875
-1.65625
-5.9375
-5.75
-5.5
-4.15625
-0.5625
1.0625
3.46875
6.25
6.59375
0.9375
-4.8125
-8.90625
-14.875
-20.0938
-23.9063
-24.9688
-24.0625
-18.9063
-13.4375
-8.3125
-3.1875
3.4375
10.5625
15.375
17.9688
16.2188
12.8125
10.6563
7
0.09375
-6.125
-7.75
-7.4375
-5.75
-3.4375
-4.03125
-3.6875
-2.40625
-1.40625
-4.6875
-7.9375
-10
-12.6875
-14.4688
-15.1875
-12.875
-10.1875
-5.34375
-2.5
-12.4688
-6.5
0.4375
7.375
12.5625
14.8438
14.5
13.9063
13.5625
9.65625
1.5625
-7.375
-12.0938
-11.4688
-9.15625
-8.75
-11.5
-11.5938
-9.28125
-5.40625
-4.09375
-4.53125
-6.25
-6.90625
-5.5625
-3.75
0.40625
4.1875
7.78125
8.09375
-13.1875
-8.625
-3.28125
2.84375
8.15625
10.75
13.125
15.9063
16.3438
12
5.96875
-2.6875
-10.2813
-11.7188
-11.3438
-13.6875
-16.7188
-16.0938
-14.0625
-9.53125
-3.6875
-0.6875
-1.75
-1.21875
0.96875
3.46875
7.1875
10.1563
11.3438
9.59375
-11.5313
-10.9688
-9.96875
-6.59375
-1.46875
2.40625
6.90625
10.8438
11.4688
9.875
11.125
8.46875
-0.21875
-6.84375
-9.4375
-11.4375
-11.6563
-10.625
-12.3438
-11.6875
-4.15625
4.3125
5.71875
6.21875
7.75
10.4375
13.375
14.4688
13.125
9.0625
-10.8125
-13.4063
-16.0313
-14.9688
-10.9688
-6.375
-2.15625
0.625
0.6875
2.59375
11.4688
16.7188
11.6563
2.6875
-1.25
-0.5625
3.28125
3.5
-3.34375
-9.15625
-3.9375
6.59375
10.4375
9.5625
8.4375
10.0625
11.7188
11.0313
6.375
0.09375
-9.65625
-15.625
-20.7813
-20.8438
-18.625
-15.1563
-13.1875
-12.0625
-11.375
-4.5
11.5
24.3438
25.4688
17.3125
12.9063
15.25
21.3438
18.8125
6.5625
-6.75
-6.6875
2.90625
8.96875
7.28125
2.8125
2.34375
2
0.15625
-6.59375
-14.5313
-6.25
-12.9063
-18.4375
-18.5938
-17.7188
-16.4688
-19.5
-22.0938
-20.25
-10.125
6.65625
22.6875
30
25.1563
21.875
25.0938
31.5313
27.4063
14.7813
-2.03125
-7.40625
-0.1875
8
7.09375
-0.03125
-3.34375
-6.25
-9.28125
-17.6875
-27.2813
-3.40625
-7.84375
-10.75
-9.34375
-9.625
-12.2188
-19.9688
-22.125
-18.4688
-10.9063
-0.71875
11.5313
23.625
28.1875
29.5
27.9688
30.0313
28.3438
21.5
7.59375
-2.21875
-3.21875
3.15625
4.9375
-2.21875
-9.1875
-15.1563
-18.9375
-26.875
-34.4688
-3.21875
-4.9375
-4.5
-1.5625
-3.34375
-9.5625
-15.8125
-12.3125
-7.78125
-6.875
-5.40625
1.21875
14.6875
27.2188
30.5
20.7813
17.3438
21.5938
22.6563
14.8438
4.5
-2.4375
0.1875
5.6875
3.78125
-3.375
-10.5938
-15.25
-21.375
-25.5625
-4.9375
-1.40625
2.75
5.25
2.0625
-3.59375
-4.3125
2.8125
4.25
-2.6875
-8.9375
-7.21875
4.25
17.4688
18.2188
3.875
-2.03125
7.65625
14.6563
15.0625
9.1875
1.3125
2.125
11.0938
16.9688
13.75
8.9375
3.40625
-1.78125
-3.40625
-12.4063
-6.28125
-0.65625
-0.3125
-3.5625
-5.09375
3.125
16.5
16.2813
5.09375
-5.375
-8.46875
-3.15625
4.8125
1.53125
-15.1563
-24.4375
-14.375
-2.8125
5.90625
5.3125
-1.5
-3.84375
4.6875
18.875
23
22.0313
18.7813
19.0625
22.2813
-19.4688
-12.2188
-7.3125
-9.25
-11.4375
-5.96875
10.6563
25.4063
23.0938
12.5625
2.46875
-3.625
-7.75
-13.5938
-24.0938
-35.0313
-41.8125
-36.7813
-24.8438
-10
-2.34375
-1.65625
-4.09375
-0.84375
14.9688
25.75
28.0313
26.375
29.375
34.4063
-15.9375
-9.5625
-7.15625
-11.1875
-9.28125
4.40625
21.875
30.7188
27.75
23.0938
17.125
10.2813
-3.875
-25.6875
-41.1875
-42.3438
-44.5
-47.5
-39.9063
-23.7188
-11
-2.53125
-2.6875
-7.21875
1.40625
13.8125
18.75
18.3125
22.4063
27.0625
-7.28125
-6.625
-9.25
-11.8438
-2.9375
14.0625
27.2813
32.125
33.9688
39.1563
39.5625
31.75
9.53125
-19.4375
-33.0625
-27.4375
-28.0625
-39.3438
-38.0625
-26.1875
-13.4375
-2.25
-3.84375
-17.5
-20.4375
-11.9375
-6.96875
-5.75
-1.5
3.34375
2.46875
-0.65625
-3.53125
-0.5
12.8438
27.7813
34.8438
35.0313
42.0313
56.1563
62.9688
56.9688
35.2813
9.4375
-0.125
9.90625
12.0938
-3.8125
-14.5
-13.0313
-3.15625
6.78125
5.125
-12.6563
-27.5313
-26.5625
-21.4688
-20.8438
-21.9375
-19.9375
9.9375
3.71875
2.3125
8.78125
22.625
32.0938
32.4375
30.1563
42.875
62.5313
73.4063
72.4688
59.5625
46.1875
44.125
53.8438
55.5
41.4375
23.0938
11.0625
10.7813
13.9375
10.5625
-5.5625
-25.5
-33.2188
-30.25
-27.5625
-29.4375
-29.5938
7.40625
-0.59375
-1.34375
5.21875
13.7813
13.875
9
5.96875
19.2813
37.9688
47.7813
48.2188
45.6563
49
55.6563
63.625
64.5313
56.8125
40.4375
23.5625
16.7813
13.375
8.59375
-1.375
-18.375
-31.7813
-32.875
-27.5313
-27.875
-30.0938
0.15625
-3.3125
-0.78125
2.375
1.375
-6.6875
-15.6563
-21.4375
-14.9063
-6.0625
-4.28125
-4.125
3.40625
18.375
29.4688
35.2188
37.1875
38.125
30.2188
16.25
6.4375
0.1875
-1.96875
-1.65625
-9.5625
-22.4375
-25.9688
-19.4688
-16.7188
-19.9688
0.0625
-0.4375
-0.15625
-4.3125
-13.3438
-25.8438
-37.1875
-45.4688
-47.4063
-49.5625
-54.0625
-53.1875
-40.6563
-21.1563
-7.9375
-4.4375
-2.8125
4.28125
8.0625
1.21875
-9.625
-17.1875
-17.9375
-9.75
-7.8125
-16.625
-22.5938
-16.3125
-8.875
-9.8125
0.84375
1.625
-1.78125
-10.625
-23.9375
-38.0938
-49.75
-59.875
-69.5
-78.9063
-86.6875
-87.7188
-77.1875
-60.5313
-49.0938
-47
-45.5625
-37.8438
-26.2813
-21.9688
-26.9375
-32.3438
-30.875
-18.5938
-10.1563
-11.6875
-16.0625
-13.0313
-5.28125
-2.8125
2.21875
5.15625
2.125
-6.03125
-17.8438
-28.4063
-37.375
-46.5313
-58.1563
-70.3125
-79.3438
-81.9375
-76.1563
-67.3438
-61.4688
-61.6563
-61.0313
-56.0938
-43.8125
-33.1875
-32.375
-35.1563
-32.1563
-19.6875
-9.59375
-5.25
-6.03125
-6.65625
-1.6875
3.84375
2
2.9375
-0.90625
-6.53125
-13.5625
-18.3125
-22.3438
-27.5313
-34.9688
-42.375
-45.7813
-46.375
-44.1875
-41.0938
-38.875
-39.4375
-38.9375
-37.1875
-28.9063
-18.8125
-16.1563
-18.6875
-16.9063
-8.8125
-2.53125
1.96875
1.75
-1.75
-0.4375
5.3125
-2.78125
-3.71875
-7.125
-9.5625
-13.25
-16.2188
-18.8438
-20.9063
-23.4063
-23.9063
-20.7813
-18.75
-17
-14.9375
-13.5938
-14.7188
-14.6563
-14.625
-11.2188
-4.09375
-1.5625
-3.8125
-2.8125
1.78125
4.84375
7.15625
6.625
1.8125
0
3.21875
-0.90625
-1.59375
-2.5
-2.4375
-4.65625
-7.84375
-10.0313
-9.8125
-8.21875
-4.46875
2.15625
7.375
12.2813
17.3125
19.0938
16.4688
13.4063
10.75
8.6875
9.53125
7.96875
3.96875
3.21875
5.15625
7.46875
8.25
6.875
2.34375
-0.75
-0.84375
2.71875
1.625
0.65625
0.59375
-1.875
-4.46875
-4.1875
-1.34375
2.78125
9.21875
20.5625
31.6563
42.0313
50.25
52.5313
50.5
45.4063
39.125
30.75
23.875
15.625
8.21875
4.84375
2.78125
3.96875
4.9375
2.875
-1.46875
-4.125
-6.46875
7.625
7.5
7.03125
5.8125
1.34375
-1.28125
1
4.09375
7.9375
13.0313
24.0625
37.3438
51.5
61.25
63.1563
63.4063
58.125
49.4688
36.6875
26.4688
15.4063
6.59375
1.65625
-3.34375
-3.28125
-0.65625
0.03125
-3.125
-4.90625
-7.65625
-5.78125
-9.75
-15.5
-17.9688
-18.0938
-16.7813
-9.5
0.75
7.9375
14.4375
16.25
11.7188
10.3125
9.28125
9.09375
13
15.6563
14.6563
12.7188
10.9063
7.40625
8.5
9.59375
8.96875
11.375
10.125
7.40625
1.9375
-7.03125
-13.4063
-6.46875
-9.5
-14.25
-16.125
-16.5938
-17.2188
-11.875
-3.78125
1.96875
8.46875
11.1563
9.96875
13.0625
15.75
17.0625
17.9688
14.6563
7.84375
1.75
1.03125
1.75
6.25
11.2188
10.7813
11.5625
10.3438
6.625
1.28125
-6.15625
-11.5938
-5.875
-8.3125
-11.5938
-12.9063
-14.0625
-16.2188
-12.625
-6.40625
-1.09375
5.75
8.46875
9.59375
15.4688
20.3125
22.6563
21.1875
12.7188
1.28125
-6.40625
-6.5625
-2.8125
3.1875
8.59375
9.25
9.65625
9.9375
7.0625
2.21875
-3.5
-7.90625
-4.40625
-5.75
-5.84375
-6.71875
-9.59375
-13.8438
-13.5
-9.21875
-3.5
4.34375
6.40625
7.625
13.875
19.5625
24.4063
24.6875
14.875
0.78125
-7.8125
-9.71875
-5.625
0.5625
3.90625
5.125
6.03125
8.28125
8.71875
5.9375
2.46875
-1.0625
-1.125
0.625
2.625
1.4375
-3.6875
-10.9063
-13.6563
-11.5
-6.03125
1.8125
2.09375
1.375
6.25
13.5625
23.625
29.125
21.3438
5.625
-5.78125
-10.5313
-7.375
-1.5
-0.25
-0.3125
0.15625
3.6875
8.3125
9.5625
10.0313
8.375
1.84375
5
7.6875
7
1.6875
-6.28125
-11.3125
-12.6563
-9.8125
-5.34375
-6.25
-6.3125
-1.03125
10.2188
24.2813
32.1875
26.1875
9.90625
-2.78125
-8.34375
-6.78125
-2.34375
-3.125
-5.03125
-3.9375
0.5
7.59375
12.25
15.6563
16.0938
2.125
6.375
10.5313
12.0938
8.21875
-0.125
-7.5
-13.0313
-14.7813
-14.0625
-13.8438
-11.375
-3.21875
11.9688
26.0313
33.875
28.9063
12.7813
-0.4375
-6.90625
-6.75
-3.375
-3.9375
-6.28125
-5.53125
-1.90625
5.875
12.7813
18.1563
20.0313
1.40625
7.90625
14.2188
17.2813
13.9688
5.03125
-3.78125
-12.7188
-18.4688
-18.9375
-16.5
-9.28125
2.53125
15.9063
24.25
27.0625
21.5938
9.625
-0.15625
-5.1875
-4.96875
-1.625
-0.84375
-2.96875
-3.75
-2.5
5.0625
13.0938
18.8125
18.8125
1.1875
9.78125
17.2813
21.0938
17.5313
8.125
-1.65625
-13.3125
-20.3125
-19.2188
-12.4063
0.34375
13.0938
20.25
19.5625
15.5625
9.84375
3.5
-0.46875
-3.53125
-3.75
-0.53125
0.625
0.125
-0.875
-1.0625
5.84375
13.0938
18.125
15.8438
0.09375
10.3125
18.3438
22.7188
19.5
10.2188
-0.3125
-13.0625
-19.375
-16.375
-5.5
9.21875
19.7188
21.9375
14.2188
6.1875
1.90625
-0.4375
0.8125
-1
-3.125
-0.84375
-1.28125
0.15625
0.4375
-0.78125
5.4375
11.0313
15.2188
12.3438
0.9375
10.8438
17.3125
21.2188
19.2813
11.2188
1.0625
-12.5938
-20.1875
-17.8125
-3.40625
14.375
25.8125
27.2813
13.5
-0.46875
-5.03125
-4.65625
2.28125
4.46875
1.28125
1.875
-1.125
-0.21875
-1.53125
-6.15625
-2.25
1.71875
6.875
6.46875
0.09375
9.21875
15.0625
19.5938
19.125
12.7188
3.03125
-10.375
-19.5313
-17.8438
0.15625
19.6563
34
37.1875
17.25
-5.34375
-14.9063
-15.2813
-4.0625
6.59375
6.78125
6.65625
2.78125
0.5
-3.59375
-10.625
-9.21875
-6
-0.625
0.28125
-0.96875
6.9375
13.25
19.4375
19.4063
13.375
4.9375
-6.8125
-14.9688
-12.8125
5.03125
23.4688
41.1875
48.0313
25.3125
-5.28125
-23.9688
-29.0938
-16.1563
2.78125
10
11.125
7.625
3.375
-2.96875
-10.1875
-10.6563
-9.625
-7
-7.1875
3
8.71875
13.75
17.4375
14.625
10.0938
4.8125
-1.4375
-5.0625
-4.6875
9.4375
23.9688
42.25
52.2188
27.8438
-6.5625
-31.0313
-39.0313
-22.7188
0.9375
13
15.5
12.125
8.28125
1.59375
-5.25
-8.125
-11.9063
-14.0938
-17.2188
8.15625
12.0938
14.0938
14.125
9.4375
7.59375
7
7.8125
6.96875
2.34375
8.3125
13.7813
29.4688
42.125
23.9063
-4.15625
-28.4375
-36.4375
-19.5625
2.09375
15.5
18.9375
12.9063
10.0625
5.1875
-1.875
-4.65625
-10.8438
-17.3125
-22.4688
14.1563
16.4688
15.5
12.6875
6.875
7.34375
11.3438
18.4063
18.4063
7.375
2.90625
-4.5
7.3125
24.9063
18.1563
3.84375
-15.875
-26.0313
-13.7188
2.0625
14.9688
20.9688
14.8438
11.5313
5.53125
-3.5
-7.46875
-13.6875
-20
-23.4688
20.5625
20.25
15.4688
9.375
4.40625
9.40625
20.4375
34.4063
32.625
12.5313
-4.8125
-24.6563
-15.5625
8
12.75
9.78125
-5.1875
-16.5
-10.1563
0.40625
11.875
19.4688
16.375
13.0938
6.84375
-3.125
-8.75
-14.75
-20.9688
-23.1875
25.6563
23.375
15.4375
6.78125
3.3125
13.9375
32.5938
50.75
45.3438
17.4688
-10.6875
-38.625
-32.5938
-8.375
2.5
7.9375
-0.0625
-8.15625
-5.9375
-1.125
7.875
15.375
17.0313
15.0625
7.5
-2.375
-9.34375
-14.625
-19.8125
-21.9688
27.6563
25.0313
17.0313
9.875
9.15625
24.2813
46.2188
64.4063
56.2813
24.2188
-11.2813
-45.8438
-46.0313
-26.75
-12.6875
1.71875
2.59375
0
-1.6875
-5.65625
-1.03125
5.96875
13.625
16.9688
10.9063
2.25
-6.09375
-11.8438
-17.25
-20.6875
26.5
24.3438
17.125
12.0938
15.25
34.0938
57.8125
75.0313
64.8125
29.5938
-10.7813
-47.8438
-53.25
-39.8125
-24
-2.84375
6.5625
10.75
6.65625
-9
-12.7188
-8.1875
2.6875
15.125
14.25
5.90625
-4
-12.0625
-18.25
-20.5938
24.5938
22.3438
14.5313
8.65625
13.4063
35.75
60.75
77.7813
66.1563
28.9688
-11.0938
-46.2188
-54.3438
-46.1875
-31.4063
-5.875
11.8438
23.6875
20.0625
-5.375
-19.4063
-19.1875
-8.46875
10.4375
15.375
6.71875
-3.9375
-12.7188
-18
-18.0938
22.4688
20.125
11.7188
6.125
12.0625
34.5
57.9688
71.5625
57.2188
22.625
-12.4063
-42.5
-50.5938
-47.6875
-34.6563
-8.03125
14.125
31
26.9688
-2.875
-22.4375
-24.625
-13.8438
7.59375
14.8125
5.3125
-5.59375
-13.2188
-15.3438
-11.9063
19.0625
16.8125
10.2188
7.1875
14.7188
35.5313
54.375
61.4688
45.8438
17.625
-8.1875
-28.6875
-35.5938
-38.4688
-32.75
-13.75
6.8125
23.9063
20
-7.46875
-27.3125
-28.8125
-14.4375
8.1875
14.625
4.25
-9.28125
-17.8125
-16.4375
-9.25
12.9688
10.8125
6.53125
6.875
16.6875
36.2813
50.5625
52.375
38.0625
17.0313
0.5
-10.7188
-17.5
-25.2188
-26.9688
-17.875
-1.625
14.0938
11.4063
-11.7188
-30.625
-33.5313
-19.1875
4.59375
12.6563
4.75
-8.125
-17.9688
-15.7188
-6.9375
7.46875
5.84375
4.0625
7.09375
16.8438
33.1563
42.0625
39.5938
27.9063
13.75
4.40625
-1.1875
-7.71875
-16.9688
-21.1563
-15.2188
-0.78125
13.5313
12.25
-7.625
-25.875
-31.5313
-20.8438
1.25
9.46875
3.8125
-6.90625
-16.6563
-13.6875
-4.40625
4.6875
2.625
2.65625
7.28125
15.5
27.375
30.7188
25.5938
16.0938
6.3125
2.78125
1.9375
-0.375
-5.65625
-9.1875
-6.1875
2.9375
12.625
12.2188
-3.0625
-19.2188
-25.6875
-19.2813
-0.125
9.21875
4.40625
-5.5
-16.25
-14.8125
-5.1875
3.65625
-0.15625
-1.375
1.375
6.25
14.5938
17.2188
14.7813
10.0938
7.15625
10.1563
12.4375
13.3125
9.375
2.21875
-2.09375
-1.90625
1.8125
3.40625
-2.84375
-12.3125
-17.375
-15.4375
-1.53125
7.84375
4.34375
-3.5
-14.625
-15.5625
-6.46875
4.28125
-0.65625
-3.625
-3.75
-3.15625
1.78125
5.21875
6.375
8.78125
14.0938
21.0938
24.625
24.5938
17.875
6.96875
-3.40625
-10.9688
-12.875
-10.125
-8.09375
-8.09375
-7.84375
-7.71875
-0.03125
6.40625
4
-1.125
-10.5938
-12.8125
-6.40625
4.53125
0.8125
-1.78125
-3.09375
-4.875
-1.46875
3.5625
7.34375
13.9688
20.1563
25.6875
28.6563
27.4688
20.625
7.40625
-5.9375
-17.4688
-23.9375
-20.4375
-15.0625
-10.3125
-4.03125
-2.40625
1.09375
5.03125
2.9375
-1.1875
-7.71875
-9.4375
-5.84375
-1.125
-1.75
-0.28125
1.1875
-0.53125
1.71875
6.1875
8.96875
17.3125
22.2188
26.9375
32.9688
32.75
27.9375
12.6563
-4.21875
-18.3125
-28.8438
-26.125
-21.3438
-17.9063
-8.59375
-3.96875
-1.65625
2.84375
0.71875
-3.78125
-7.4375
-7.96875
-5.15625
25.5833
27.4583
27.5833
25.5
20.4583
17.75
15.125
14.3333
10.125
4.41667
1.54167
-3.875
-7.95833
-8.875
-3.41667
2.375
6.375
8.29167
6.83333
3.54167
-3.91667
-7.375
-8.83333
-5.5
1.875
7.16667
13.0417
13.4583
12.4583
9
3.66667
0.125
14.7083
16.75
14
7.875
3.75
2
1.83333
-0.125
-1.33333
-2.16667
-2.875
-0.958333
2.58333
7.54167
10.5833
13.0833
14.5833
10.875
5.5
2.375
-2.79167
-8.08333
-7
-1.08333
4.83333
9.70833
16.8333
20.25
15.5417
8.625
0.0833333
-8.625
-6.5
-7.04167
-6.83333
-6.375
-4.625
-3.70833
-3.79167
-7.33333
-4.16667
1.75
5.04167
10.625
16.1667
20.8333
16.5
11.1667
9.04167
4.45833
0.375
-3.04167
-4.41667
-6.41667
-3.83333
-2.625
-2.375
2.33333
7.70833
11.4167
8.20833
7.45833
6.5
0.583333
-9.33333
-10.9167
-9.04167
-6.45833
-6.5
-8.41667
-9.66667
-9.83333
-5.66667
0.125
6.20833
10.25
10.6667
7.875
1.41667
-3.16667
-6.625
-7.25
-4.75
-3.16667
0.875
1.04167
0.25
-3.70833
-6.625
-5.5
-7.16667
-5.70833
-3.375
1.79167
6.91667
9.75
5.375
3.04167
1.66667
0.458333
-2.41667
-6.20833
-6.75
-3.33333
-2.375
-3.20833
-2.125
-2.5
-5.58333
-11.5
-13.8333
-12.125
-10.9167
-7.08333
-1.625
5.16667
11.6667
12.1667
8.04167
4.83333
2.08333
-3.33333
-10.7917
-13.625
-11.9583
-11.5833
-10.0833
-3.25
15.1667
12.7083
8.91667
6.20833
5.54167
5
5.04167
7.04167
5.70833
1.54167
-3.04167
-5.33333
-4.125
-2.16667
0.958333
3.33333
6.125
7.20833
6.04167
5.70833
5.91667
7.54167
6.66667
7.125
5.25
-1.25
-6.58333
-11.1667
-14.125
-18.7083
-21.8333
-19.3333
4.125
4.29167
2.79167
1.70833
2.41667
4.33333
4.70833
4.5
3.16667
0.875
-2.79167
-3.16667
1.625
9.5
16.75
19.0417
19.5
17.0833
11.2083
2.41667
-5.08333
-4.54167
-2.125
-2.16667
-3.20833
-4.5
-3.54167
-4.16667
-4.79167
-3.95833
-4.29167
-5.33333
-13
-9.625
-6.25
-3.54167
-2.20833
-0.708333
-0.75
-2.625
-4.58333
-6
-7.04167
-5.95833
-5.20833
-3.08333
3.125
8.5
8.45833
7.54167
6.79167
3.54167
-3.25
-7.625
-7.08333
-9.83333
-10.0833
-8
-5.625
-3.04167
0.541667
6.83333
11.2083
11.5417
-9
-5.33333
-1.16667
2.25
4.875
5.45833
4.41667
1.16667
-1.70833
-3.625
-2.75
-2
-7.83333
-13.7917
-13.3333
-9.29167
-10.7917
-11.8333
-6.5
0.291667
0.5
-4.25
-6.25
-7.16667
-6.29167
-4.25
-3.95833
-3.45833
-1.875
0.875
4.95833
6.41667
5.41667
7.25
9.16667
10.375
12.75
13.7917
13.75
11.7917
9.41667
9.29167
11.625
7.83333
-3.04167
-12
-15.875
-17
-19.5
-19.5833
-12.1667
-2.375
2.91667
1.91667
-1.45833
0.5
2.29167
3.75
3.45833
0.375
-2
-2.66667
-0.708333
0.416667
4.41667
4.33333
5.54167
6.58333
6.875
8.16667
10.2083
11.9583
14.3333
18.3333
18.1667
8.75
0.25
-7.20833
-15.9583
-21.25
-18.1667
-11.5
-7.66667
-1.66667
5.25
6.45833
2.54167
3.5
5.95833
6.66667
6.33333
4.125
3.33333
4.16667
5.16667
6.54167
-5.41667
-6.04167
-6.5
-6.79167
-8.125
-8.08333
-5.125
-0.375
7.45833
10.5833
5.41667
0.875
3.08333
1.29167
-10.7917
-16.6667
-8
0.0416667
-4.33333
-6.29167
-1.75
3.625
3.75
4.125
6.625
6.75
8.625
12.1667
16.0833
15.5417
14.5833
15.7917
-6.79167
-9.625
-12.4167
-14.4167
-14.7917
-15.2917
-13.0833
-8.66667
-4.70833
-8.375
-11.375
-2.375
8.58333
13.2917
9.41667
7.95833
10.625
8.33333
-0.0416667
-7.75
-9.45833
-3.125
0.791667
-0.416667
-1.20833
-0.416667
4.875
11.7917
16.0833
14.375
13.1667
13.125
1.5
-4.91667
-8.29167
-8.95833
-8.41667
-8.58333
-9.25
-7.79167
-10.875
-16.4167
-11.75
2.125
13.25
19.4583
25.125
25.6667
17.375
8.04167
3.66667
-3.125
-5.41667
-3.75
-2.20833
-8.29167
-14.3333
-12.875
-11.25
-8.29167
-7.33333
-5.70833
-5.33333
-8.08333
9.58333
9
7.125
6.5
5.29167
5.75
3.33333
1.16667
-5.375
-9.91667
-5.625
-1.375
0.416667
1.79167
9.83333
11.4167
1.58333
-3.41667
0.375
-1.08333
0.583333
1.20833
4.20833
0.666667
-7.375
-9.95833
-18.0417
-23.4167
-26.9167
-26.5417
-28.6667
-33.625
8.79167
13.4583
12.8333
10.2083
7.83333
10.8333
13.0833
7.75
-2.25
-4.83333
-4.45833
-11.125
-20.1667
-18.125
-3.29167
4.66667
2.04167
-0.125
6.25
9.125
5.29167
1.70833
6.58333
13.625
9.45833
-0.791667
-11.5833
-19.625
-25.625
-30.0417
-32.8333
-31.6667
2.5
0.75
-1.5
-3.33333
-2.54167
2.04167
5.375
-2.125
-7.16667
-2.875
-4
-13.9167
-16.5
0.25
18.9167
29.0417
34.2917
31.2917
28.4167
25.9167
11.375
-0.125
-0.916667
9.75
13.7083
6.5
6.25
3.95833
-1.58333
-6.25
-6.83333
-0.333333
-1.25
-4.16667
-4.75
-2.41667
2.29167
1.125
-6.125
-11.875
-6.125
-0.625
-5.25
-10.5
3.41667
23.0417
28.2083
32.375
38.5833
37.7083
26.1667
18.2917
7.83333
-1.41667
-5.25
0.5
10.7083
16.625
26.75
31.5417
30.75
29.4583
26.875
24.5417
-6.75
-4.75
-0.875
3.75
7
-0.375
-11.375
-9.5
-2.16667
-1.91667
-7.08333
-5.70833
2.16667
-5.16667
-19
-22.4583
-19.7917
-16.5
-21.1667
-16.5
-5.25
-5
-8.91667
-8
2.04167
11.3333
15.4167
22.5
30.7917
34.25
32.875
24.2083
-17.875
-13.9167
-8.95833
-6.20833
-7.66667
-12.2917
-13.375
-5.875
-3
-4.20833
-7.75
-7.625
-20.0417
-47.625
-66.5417
-74.5417
-70.25
-60.25
-50.1667
-34.875
-13.6667
-4.75
-6.66667
-8.83333
-3.91667
1.375
-3.91667
-3.95833
3.29167
7.29167
10
7.58333
-12.8333
-8.79167
-4.91667
-5.16667
-11.625
-14.5
-9.33333
-4.41667
-5.08333
-4.70833
-4.20833
-5.5
-19.625
-34.2083
-42.5417
-50.75
-47
-35.2917
-22.7917
-19.75
-14.3333
-1.58333
1.41667
-3.125
-5.04167
-0.666667
-1.33333
-7.70833
-9.375
-9.33333
-6.70833
-2.04167
11.5
11.875
13.0833
11.3333
3.54167
0.375
5
5
2.70833
5.33333
14.7083
18.5833
16.125
18.875
17.1667
7.95833
1.45833
1.875
1.83333
-9.125
-15.875
-4.58333
1.5
-4.79167
-11.125
-8.5
-2.95833
-6.16667
-9.375
-8.875
-7.5
-1.83333
15.7083
15.1667
14.75
14.5
16.875
24.6667
31.3333
33.125
36.6667
43
52.7917
56.5
59.2083
62
57.0833
47.25
33.4167
22.875
13.875
3.29167
-3.375
0.541667
6.875
0.375
-7.04167
-8.41667
-4.58333
-4.04167
-7.54167
-5.5
-6.125
-5.41667
-2.75
-3.04167
-5.79167
-5.75
5.5
21.25
30.1667
38.2917
51.0417
59.75
62.6667
64.0833
67.9583
70
69.75
69.3333
63.2917
56.0833
51.6667
49.0417
41.2083
30.0417
27.4583
22.625
14.4167
5.58333
3.25
4.75
-0.25
-2.54167
-4.875
-7.33333
-11.5417
-16
-21.5
-25
-22.25
-20.1667
-18.9583
-15.4167
-9.41667
-6.95833
-7.79167
-4.66667
0.708333
7.125
16.25
27.625
34.875
37.9167
42.625
50.8333
48.6667
33.6667
23.125
23.75
19.4167
7
0.833333
3.45833
3.125
-2.20833
-3.45833
-3.95833
-3.41667
-4.25
-4.5
-6.25
-11.5833
-23.375
-33.7083
-43.5833
-55.8333
-65.4583
-71.5833
-73.375
-72.9583
-69.7917
-63.0417
-54.6667
-47.125
-42.1667
-36.25
-25.75
-19.5833
-20.6667
-23.0417
-14.75
-8.58333
-9.5
-9.16667
-5.41667
-0.875
-3.16667
-3.16667
-3.25
11.9583
17.2083
21.4583
24.9167
24.75
19.4583
11.75
2.375
-10.125
-19.8333
-26.625
-32.375
-35.7917
-37.5417
-37.3333
-37.6667
-38.4167
-40.8333
-44.625
-48
-47.2917
-44.875
-41.9167
-35.375
-25.7083
-14.9583
-9.375
-6.95833
-4.45833
-3.91667
-4.29167
-5.625
12.7083
12.5833
11.875
13.125
15.7917
19.75
22.375
25.125
28.75
30.8333
32.7083
34.2917
35.375
35.0833
34
33.4583
31.5
26.5417
18.75
8.33333
2.875
-1.5
-4.45833
-7.79167
-6.5
-0.458333
-0.666667
-2.04167
-2.45833
-0.75
0.291667
1.375
-6.83333
-12.5833
-16
-17.5417
-17.7917
-16
-12.0833
-4.91667
3.83333
6.45833
7.79167
10.125
8.375
2.70833
-3.29167
-3.58333
-1.375
2.875
9.625
14.8333
18.8333
21.9167
21.75
16.5
11.375
8.70833
5.125
2.375
2.91667
6.375
9.95833
14.1667
-17.4167
-19.375
-19.4583
-19.125
-20.875
-22.5
-20.4167
-16.0833
-17.375
-24.3333
-31.8333
-39.4167
-50.7083
-64.4583
-73.2083
-75.9167
-73.2083
-63.0417
-45.125
-27.375
-13.9167
-0.333333
8.83333
11
7.20833
3.58333
3.41667
2.45833
3.375
5.41667
6.70833
8
-2.25
1.95833
3.625
3.25
0.583333
-0.25
0.666667
-3.16667
-13.7083
-18.0417
-20.4167
-25.4167
-31.1667
-32.2083
-27
-26.625
-28.25
-32.6667
-31.0417
-23.6667
-17.8333
-13.6667
-7.25
1.83333
3.41667
0.125
-0.166667
0.458333
-0.916667
-3.125
-5.58333
-9
13.9583
18.5833
19.9583
17.7083
15.5833
15.4167
12
0
-5.5
3.83333
15.0417
24.7917
34.4583
52.7917
68.375
71.2917
66.2083
46.2917
25.1667
15
8.33333
-2.875
-8.41667
-2.20833
5.08333
3
-0.833333
0.166667
-1.875
-4.33333
-5.45833
-7.625
2.45833
1.83333
4.95833
4.5
-0.166667
-0.5
-2.125
-4.91667
-4.5
-8.33333
-7.33333
5
6.04167
-0.5
3.95833
5
-4.25
-8.83333
-3.79167
5.16667
9.45833
-0.875
-12.3333
-4.125
7.75
4.91667
-3.83333
-1.66667
10.7083
12.25
2.41667
-0.875
2.95833
3.25
4.25
2.625
0.25
2.5
-0.666667
-7.375
-8.20833
-9.04167
-3.375
9.29167
6.20833
-3.95833
-1.29167
0.333333
-4.79167
-2.375
6
8.875
4.70833
-7.33333
-15.25
-2.45833
10.0833
2.20833
-6.91667
0.875
13.9167
12.5
0.583333
-4.625
6.25
4.33333
2.04167
-0.625
-0.5
4.79167
1.58333
-7.83333
-10.1667
-8.625
-0.708333
9.375
4.29167
-4.66667
-3.5
-3.95833
-4.45833
5.58333
12.5
5.58333
-1.79167
-5.91667
-9.45833
-3
5.875
1.08333
-5.54167
2.54167
13.9583
10.5833
-2.75
-8.66667
6.91667
2.95833
-0.541667
-2.83333
-0.75
4.83333
3.45833
-4.58333
-10.2917
-9.75
1.08333
8.625
-0.958333
-7
-1.20833
-0.541667
-0.75
7.5
10.125
1.45833
-3.75
-3.70833
-4.25
-0.833333
3.625
-1.125
-6.79167
1.54167
13.25
9.29167
-4.58333
-9.25
2.875
-0.0833333
-2.83333
-3.04167
1.33333
6.41667
5.25
-2.20833
-10.125
-10.3333
2.125
8.625
-2.08333
-7.375
-4.08333
-4.5
1.70833
13.4167
11.375
-0.0833333
-5.33333
-5.58333
-2.58333
4.45833
6.45833
-3.33333
-11.5417
-3.375
9.41667
8.16667
-3.20833
-6.625
0.166667
-0.791667
-3.08333
-2.54167
2.29167
6.75
6.79167
0.416667
-8.54167
-8.33333
2.58333
5.66667
-1.75
-5.04167
-9.54167
-13.4167
2.625
21.9583
14.9167
-2.04167
-7.70833
-7.08333
0.291667
10.125
6.75
-8
-13.7083
-3.79167
5.375
3.54167
-3.33333
-3.58333
1.625
-0.333333
-3.08333
-3.66667
-0.458333
5.20833
8.95833
5.25
-2.83333
-4.875
-1.29167
-1.16667
-0.875
0.125
-10.875
-20.8333
-2.5
23.9583
20.9583
1.04167
-9.33333
-8.16667
1.75
10.2083
4.54167
-7.5
-10.0417
-3.16667
1.08333
-1.45833
-4.79167
-1.70833
1.75
-2.375
-4.125
-4.04167
-2.08333
3.91667
10.625
11
3.16667
-5.375
-6.54167
-2.20833
2.66667
0.666667
-13.5
-22.75
-5.29167
21.9167
24.2917
5.16667
-9.625
-10.375
-0.958333
8.04167
6.04167
-2.875
-7.625
-4.91667
-1.33333
-3.41667
-5.41667
1.29167
0
-4.45833
-5.54167
-4.125
-0.875
4.45833
9.41667
11.6667
5.54167
-5.875
-6
3.125
3.16667
-6.41667
-13.7083
-15.6667
-6.66667
14.1667
23.625
10.1667
-7.75
-12.625
-4
6.45833
7.45833
0
-7.08333
-6.70833
-3
-3.25
-2.54167
5.04167
-1.58333
-6.75
-7.45833
-4.25
0.75
4.91667
7.25
9.54167
5.41667
-3.70833
-0.5
6.33333
-3.54167
-14.25
-7.5
-2
-6.25
0.666667
15.4583
14.875
-0.958333
-11.7083
-6.95833
2.5
6.29167
4.5
-3.29167
-9.875
-7.875
-1.16667
5.16667
8.66667
-4.08333
-9.79167
-7.70833
-4.04167
0.25
4.54167
6.20833
8.95833
7.33333
-0.291667
-0.0833333
0
-12.25
-15.2083
4.29167
14.25
-2.54167
-12.875
0.583333
13.8333
8.375
-5.04167
-8.70833
-4
3.58333
9.41667
1.70833
-10.625
-10.6667
-0.583333
8.79167
9.66667
-8.66667
-11.6667
-5.625
-2.54167
-1.25
1.04167
3
9.875
12.3333
2.33333
-4.95833
-7.5
-16.7917
-16.5833
12.8333
33.7083
8.375
-23.5833
-18.4583
6.33333
15.5
4.375
-6
-8.375
-1.875
10.625
6.5
-8.95833
-10.9167
-0.333333
9.08333
9.41667
-11.6667
-14
-3.29167
3.08333
-0.0416667
-4.66667
-2.58333
10.7083
17.9167
5.875
-7.625
-12
-22.1667
-25.8333
12.4167
52.0833
28.375
-23.5417
-36.7917
-8.5
18.4167
14.5
-2.70833
-11.7917
-4.33333
13.4583
11.25
-7.45833
-13.5417
-3.125
10.0417
12.125
-13.625
-14.1667
-2.04167
5.79167
1.83333
-7.70833
-6.75
12.4583
23.125
4.33333
-15.125
-12
-19.5
-33.6667
5.5
60.1667
46.375
-10.5833
-42.2083
-27
9.70833
21.875
2.79167
-14.9167
-5.45833
17.75
15.625
-8.04167
-18.2083
-4.20833
13.7917
12.9167
-14.2917
-11.375
1.625
5.375
-1.70833
-10.875
-4.54167
20.1667
23.75
-8.91667
-24.125
-1.375
-7.20833
-40.2083
-9.41667
58.4167
61.0833
6.08333
-38.125
-38.8333
-4.29167
20.7083
7.45833
-14.0833
-5
18.6667
15.3333
-7.29167
-14.6667
-0.541667
12.8333
7
-14.9583
-6.66667
6.20833
5.58333
-3.29167
-10.1667
1.20833
23
12.625
-23.5833
-22.4583
18.25
8.33333
-47.375
-27.2917
48.7917
64.7917
20.125
-27.125
-42.75
-16.9583
14.2083
11.0833
-7.875
-4.04167
12.2083
10.6667
-0.5
-3.125
2.33333
6.16667
0.0833333
-14.5
-3.75
8.5
7.16667
-0.916667
-6.45833
2
13.625
-1.91667
-27.75
-8.5
44.3333
24.375
-56.125
-47.8333
31.2917
56.4167
25.4167
-11.5833
-32.3333
-26
0.375
16.5833
4.5
-6.16667
3.625
7.875
2.33333
2.79167
5.875
4.16667
-3.08333
-10
-3.04167
5.875
7.58333
5.04167
-0.875
-1.625
-0.25
-13.5
-24.125
11.375
67.25
30.7917
-65.7083
-60.2917
17.75
43.2083
19.7083
-1.70833
-11.9583
-20.4167
-15.2917
5.625
11.5
3.20833
4
5
0.916667
2.625
7.08333
5.625
-3.83333
-7.125
-1.25
3.25
5.625
10
5
-6.875
-15
-21.9167
-17.9167
26.9167
81.4167
35.2917
-67.9167
-64.5
11.9167
33.3333
5.125
-3.16667
9.625
-3.625
-25
-11.6667
11.25
12.2917
4.58333
-0.583333
-2.5
5.04167
14
8.125
-10.0417
-11.125
-3.29167
4.66667
9.79167
14.2083
3.95833
-16.625
-27
-24.375
-6.70833
41
81.875
28.9583
-61.5
-50.2917
17.2083
19.75
-24.125
-17.5417
32.125
24.5833
-26.875
-29.0417
6.41667
17.5833
4.5
-5.16667
-3.08333
7.91667
16.5417
8.5
-12.0417
-13.7083
-8.41667
5.33333
18.7083
17.875
-4.625
-28.3333
-32.2917
-17.2083
11.4167
48.4167
65.5
17.625
-44.5833
-28.6667
19.375
5.125
-48.4167
-35.2917
44.5
54.7917
-16.5833
-42.9583
-7
17.0833
9.95833
-1.83333
-3.70833
3.625
12.4167
8.54167
-7.66667
-13
-13.125
4.58333
22.8333
14.7917
-14.875
-35.625
-29.375
-1.91667
25.2083
41.3333
44.3333
12.75
-25.75
-15.0833
14.9583
-2.91667
-55.75
-42.2917
47.125
70.125
-1.58333
-44.5
-23.7917
7
18.25
8.54167
-5.91667
-5.125
6.125
5.75
-5.58333
-12.4167
-13.3333
5.25
22.25
10.5
-21.7083
-37.2917
-19.875
10.6667
26.25
27.5417
26.125
7.33333
-14.875
-4.29167
18
-1.70833
-53.875
-45.125
39.0417
73.375
15.0417
-41.5
-39.75
-2.79167
24.3333
17.7917
-3.91667
-9.16667
1
1.25
-7.79167
-15.375
-13.2917
9.70833
23.25
6.25
-25.25
-33.3333
-9.45833
16.9167
21.75
13.9167
10.5833
3.45833
-6.375
2.875
20.5833
2.54167
-45.4167
-43.2083
24.6667
63.2083
27.5417
-29.0417
-47.75
-15.5833
23.0833
23.25
0.625
-6.875
0.333333
-2.625
-11.8333
-17.4167
-14.5
11.75
22
0.5
-27.0417
-24.8333
2.20833
18.8333
14.4167
4.45833
0.708333
-0.166667
1.125
10.5
17
-1.75
-33.8333
-30.25
15.2083
45.2917
28.9167
-14.875
-46.25
-25.7083
18.75
26.9583
6.45833
-4.75
-3.58333
-6.58333
-10.9583
-11.5417
-11.75
9.75
15.625
-6.20833
-25.125
-12.7083
10.5417
13.7917
6.16667
1.54167
-1.375
-1.45833
3.45833
8.83333
7.70833
-3.375
-17.4167
-14.875
8.25
27.2917
25.2083
-2.16667
-38.625
-31.9583
12.5
27.9583
10.5833
-2.875
-6.79167
-10.1667
-10.25
-7.29167
-7.54167
7.33333
7.91667
-7.625
-15.1667
-3.25
7.5
4.25
2.16667
3.25
-0.375
-2.29167
2.08333
4.16667
0.208333
-4.04167
-5.83333
-3.875
2.625
12.0833
20.625
9.33333
-25.625
-32.5833
3.66667
24.125
13.1667
-0.333333
-7.91667
-11.6667
-10
-6.41667
-4.79167
6.125
4.25
-3.20833
-6
-2.875
1
2
4.20833
3.33333
-2.83333
-5.125
-0.416667
3.125
0.583333
-2.25
-1.95833
-2.375
-2.54167
4
14.875
13.0417
-11.1667
-25.375
-5.08333
16.0833
15.3333
3.66667
-7.125
-10.8333
-9.25
-7.70833
-4.33333
7.75
6.95833
0.333333
-5.5
-7.33333
-0.291667
6.83333
4.08333
-3.95833
-6.75
-4.75
-0.0416667
6.58333
6.66667
2.375
1.5
-1.875
-8.41667
-5.41667
6.79167
12.375
0.125
-14.625
-9.29167
7
14.875
7.04167
-6.125
-9.79167
-7.20833
-6.04167
-3.375
6.79167
7.625
-0.375
-8.75
-7.66667
4.04167
7.375
-4.45833
-10.9583
-5.29167
-1.20833
2.29167
9.54167
10.5833
6.54167
6.20833
3.125
-7.75
-14.1667
-5.33333
10.0833
9.25
-6.91667
-11.5417
1.16667
12.2083
6.375
-5.58333
-7.29167
-4.125
-3.75
-0.666667
4.625
4.25
-0.291667
-6
-4.95833
2.33333
-1.58333
-11.0417
-5.54167
2.95833
-1.91667
-4.33333
8.375
17.75
12.75
4.45833
-0.791667
-3.16667
-8.20833
-12.5417
0.75
14.4583
0.916667
-14
-3.04167
10.8333
5.20833
-5.375
-5.20833
-0.875
-2.04167
-1.41667
1.33333
0.208333
-0.0416667
-0.208333
1.5
2
-10.25
-14.4167
1.91667
6.66667
-8.29167
-13.7083
6.625
26.5417
20.9583
2.66667
-8.70833
-2
3.58333
-11.625
-11.2917
11.1667
5.20833
-14
-2.70833
12.9167
5.375
-6.58333
-5.70833
1.375
-2.66667
-6.03704
-8.12963
-9.33333
-5.44444
-0.722222
2.01852
3.35185
4.57407
5.22222
6.98148
9.74074
12.2778
8.62963
4.87037
1.75926
0.37037
-1.77778
0.037037
0.259259
-0.851852
-0.592593
1.62963
2.46296
2.46296
1.03704
1.85185
0.722222
-2.92593
-6.53704
-7.59259
-6.74074
-3.90741
-1.61111
-0.240741
-0.296296
0.240741
0.981481
2.53704
3.74074
3.35185
0.685185
0.185185
0.333333
3.09259
3.25926
2.75926
1.46296
0.222222
-0.796296
-1.75926
-3.81481
-6.38889
-10.6481
-10.6667
-7.62963
2.59259
0.0925926
-0.685185
0.481481
-0.0925926
-1.81481
-2.81481
-3.12963
-1.88889
0.388889
2.18519
2.01852
-0.111111
0.0925926
3.09259
6.77778
10.0741
9.83333
6.11111
3.24074
1.88889
-0.5
-3.83333
-7.55556
-12.0185
-16.5556
-17.9259
-14.1481
5.61111
5.07407
4.53704
4.75926
2.38889
-1.40741
-4.22222
-4.07407
-1.88889
1.51852
4.53704
4.7963
2.44444
4.03704
8
11.9815
12.6667
10.8333
5.18519
-0.185185
-2.33333
-3.94444
-6.77778
-9.38889
-12.2222
-13.9074
-15.2593
-13.7778
2.7963
4.48148
4.77778
4.14815
2.01852
-1
-3.03704
-2.48148
-2.5
-1.87037
1.35185
3.66667
3.2037
5.14815
7.38889
8.14815
5.94444
5.27778
2.38889
-3.75926
-7.59259
-8.35185
-9.44444
-9.48148
-8.68519
-6.59259
-5.75926
-5.53704
2.31481
5.83333
7.05556
5.77778
4.18519
3.2037
3.68519
2.94444
-2.74074
-8.81481
-8.5
-4.75926
-2.5
-1.24074
-2.22222
-5.5
-7.42593
-3.66667
-0.37037
-3.85185
-8.75926
-9.5
-9.24074
-8.07407
-5.75926
-2.24074
1.05556
2.44444
5.85185
9.92593
11.6852
10.6667
10.2037
11.6111
13.7963
10.2222
-0.12963
-11.4444
-16.0185
-13.9074
-10.1481
-10.6296
-15.0185
-19.5556
-17.9815
-9.64815
-1.31481
0.833333
-2.59259
-4.31481
-3.27778
-1.72222
-0.185185
2.5
6.07407
9
6.40741
9.37037
11.2222
11.8519
13.9444
17.1111
17.9815
12.0185
2.98148
-7
-14.6296
-15.8148
-12.9259
-15.5185
-21.3704
-23.0926
-18.0556
-10.0741
-1.57407
5.22222
4.98148
2.53704
3.46296
5.72222
6.72222
8.18519
10
12.8704
-1.12963
-1.18519
0.037037
2.88889
8.5
12.3519
11.1296
7.09259
5.61111
3.05556
-3.16667
-7.7963
-7.85185
-11.4074
-15.4815
-13.5556
-9.92593
-7.7963
-4.40741
3.7037
7.61111
5.98148
6.64815
11.3333
14.6481
16.537
16.7593
18.3148
-9.27778
-11.9815
-12.1481
-8.2037
-2.7037
-2.22222
-4.24074
-1.92593
4.87037
9.81481
7.42593
1.27778
-2.24074
-2.75926
0.0925926
3.2037
0.685185
-5.68519
-8.48148
-3.2963
3.27778
4.2963
2.98148
5.88889
10.2407
12.1296
11.9815
11.537
-9.90741
-13.7593
-14.463
-11.463
-10.6296
-14.3704
-14.1296
-5.16667
5.7037
13.7778
14.537
7.87037
1.81481
6.11111
15.6111
16.0926
7.44444
-4.07407
-11.2407
-10.3333
-3.62963
-0.314815
-3.64815
-6.09259
-3.92593
-3.33333
-2.90741
-4.87037
-1.72222
-3.48148
-3.12963
-2.98148
-9.16667
-17.3704
-16.6111
-7.31481
0.833333
7.90741
9.96296
4.77778
-0.722222
7.31481
20.6852
19.8889
12.1296
2.44444
-4.5
-8.25926
-5.38889
-2.59259
-7.94444
-18.3519
-22.1296
-24.6852
-25.2037
-29.4444
6.2037
7.24074
8.87037
4.66667
-5.64815
-12.037
-11
-6.77778
-2.33333
3.46296
7.31481
7.51852
7.37037
13.7407
22.5556
22.7778
19.7778
15.2407
9.85185
2.72222
-0.962963
-1.40741
-4.2963
-15.1111
-22.8519
-26.4815
-28.537
-33.6111
7.57407
10.7407
10.8704
2.59259
-6.2963
-8.01852
-7.48148
-9.2963
-8.18519
-2.90741
3.46296
12.037
20.2963
21.037
20.9259
24.2222
27.6852
27.5926
23.1667
13.7222
4.64815
1.51852
4.66667
1.03704
-6.81481
-10.2037
-12.963
-16.3148
4.12963
6.44444
2.55556
-5.83333
-8.87037
-4.7037
-3.98148
-9.33333
-9.55556
-7.35185
-0.462963
15.1111
26.9815
20.963
11.6111
15.7963
22.5
23.9444
21.0741
14.2963
5.57407
4.55556
14.7407
22.1852
19.037
17.4444
15.6111
15.2778
-4.01852
-4.25926
-10.963
-14.2963
-10.5556
-4.59259
-5.66667
-13.2037
-19.1667
-23.5
-19.4815
-5.57407
1.77778
-6.94444
-19.9815
-16.2963
-4.96296
0.666667
2.01852
1.96296
-1
1.64815
13.2778
26.9259
29.4815
27.7963
28.2778
31.8889
-9.37037
-13.0926
-18.6111
-15.3519
-8.07407
-3
-7.42593
-16.9815
-27.8704
-37.6111
-38.5
-33.8148
-35.963
-42.3333
-52.537
-50.8333
-38.6852
-27.1481
-18.5
-10.1111
-5.53704
-0.481481
5.55556
17.0926
24.4259
23.4815
23.3148
26.6852
-10.1481
-14.537
-14.7222
-7.83333
-1.18519
1.90741
-3.55556
-12.6111
-24.6852
-32.1111
-35.6296
-43.537
-52.7037
-54.4259
-59.4259
-61.4444
-53.463
-39.0926
-28.5926
-18.8333
-10.4074
-6.77778
-8.2037
-2.98148
6.01852
6.75926
5.35185
8.46296
-0.5
-2.18519
4.33333
12.0556
17.2037
19.5926
17.6667
15.0556
12.5741
13.2963
7.92593
-8.07407
-19.1296
-18.2963
-18.9074
-26.2778
-30.537
-23.9259
-17.5741
-12.1667
-4.27778
-3.38889
-10.7407
-13.1481
-5.88889
-2.2963
-6.27778
-7.33333
6.44444
11.5185
22.7037
30.7407
36.0926
39.2037
44.2593
52.037
60.8889
68.0185
62.537
46.2407
37.2407
38.2407
39.8889
29.5741
14.8889
8.7037
6.51852
4.61111
7.83333
5.46296
-3.94444
-11.5185
-9.66667
-5.25926
-8.01852
-11.6852
4.03704
12.3704
22.5185
29.4444
35.4259
39.5
49.3148
64.3333
79.3333
86.3519
82.5185
74.4815
71.3889
72.7222
76.1667
69.6852
53.6111
38.7407
32.0556
27.537
25.3519
19.7037
10.1296
-0.425926
-6.07407
-4.05556
-3.92593
-9.33333
-6
-0.0925926
3.05556
5.01852
7.24074
8.90741
16.2593
27.7593
37.4444
39.9259
40.2963
42.7593
46.1111
49.1111
54.4815
56.7037
49.8148
37.6296
31.2593
28.4444
24.0926
18.6667
13.2963
4.96296
-5.05556
-6.2037
-2.14815
-4.33333
-5.44444
-6.66667
-11
-15.1296
-19.4815
-22.6111
-22.6667
-21.7037
-21.6667
-23.4074
-20.1296
-12
-5.25926
-1.96296
2.35185
9.57407
12.2963
7.72222
4.38889
4.88889
2.12963
0.222222
1.27778
-0.851852
-8.75926
-11.2407
-5.66667
-3.22222
5.77778
0.87037
-6.07407
-12.4815
-19.963
-26.0741
-31.4815
-38.2037
-44.7222
-48.6111
-46.1296
-39.3889
-34.3889
-33.4074
-32.9444
-28.8704
-23.6852
-22.4815
-23.0741
-21.6667
-22.0741
-20.1296
-14.7593
-10.7963
-11.3889
-12.4074
-7.90741
-2.90741
11.7963
7.77778
3.35185
0.222222
-3.27778
-7.03704
-11.2778
-17.463
-24.6296
-29.4444
-29.9074
-27.6852
-26.7778
-28.3519
-30.5
-32
-29.3704
-25.8704
-23.8519
-22.963
-22.6667
-20.5185
-16.8333
-12.0741
-7.09259
-6.27778
-4.31481
-0.166667
1.24074
-0.222222
-1.03704
0
1.24074
0.537037
-1.01852
-4.14815
-10.3519
-16.1111
-19.6667
-22.0741
-25.0556
-26.8148
-26.0556
-26.4444
-23.8889
-17.5741
-11.4259
-8.75926
-6.87037
-4.90741
-4.33333
-3.07407
1.66667
3.2963
3.24074
5
-11.9074
-11.963
-10.6852
-9.07407
-8.68519
-9.75926
-11.2778
-13.4074
-18.6296
-24.2778
-29.3333
-34.6667
-38.9444
-38.9074
-33.463
-27.7407
-22.2222
-14.037
-5.57407
-0.185185
4.05556
7.25926
8.38889
6.96296
7.01852
7.09259
6.22222
6.42593
-12.7778
-11.8704
-9.16667
-10.3148
-15.2407
-18.1667
-20.7593
-21.6481
-22.7037
-23.8148
-27.1111
-32.2037
-34.4444
-34.037
-30.963
-23.5556
-18.1852
-13.4074
-8.11111
-3.92593
-0.203704
4.01852
9.44444
10
6.16667
3.62963
2.48148
1.38889
2.72222
1.7963
2.37037
1.22222
-2.16667
-7.55556
-8.92593
-6.42593
-1.7037
-1.88889
-4.07407
-6.42593
-3.44444
1.68519
7.31481
10.0926
8.75926
2.33333
-4.90741
-8.57407
-3.46296
1.07407
2.35185
-2.25926
-0.703704
4.87037
9.74074
6.94444
0.407407
1.07407
4.12963
4.75926
0.814815
-6.05556
-9.57407
-7.24074
-2.03704
-0.462963
-4.01852
-9.75926
-9.64815
-1.25926
11.7963
18.5556
14.0926
1.42593
-8.62963
-10.6481
-4.33333
1.03704
1.18519
-2.48148
-1.33333
4.24074
7.61111
4.59259
-2.46296
-0.407407
4.59259
7.92593
4.18519
-3.2037
-10.037
-8.18519
-2.88889
1.77778
-1.7037
-9.42593
-13.5
-6.01852
10.037
20.6111
16.7963
2.5
-8.61111
-9.37037
-3
1.5
-0.222222
-4
-2.57407
2.77778
5.2963
2.07407
-4.72222
-0.648148
5.98148
10.7037
7.33333
-0.62963
-9
-7.24074
-0.944444
5.12963
-0.185185
-11.8148
-19.8333
-12.2963
7.44444
22.6481
20.4444
4.66667
-8.42593
-8.7963
-0.777778
4.16667
0.833333
-5.88889
-6.5
-2.01852
1.62963
0.555556
-5.42593
-0.685185
6.16667
10.7037
8.35185
1.5
-4.7037
-2.53704
1.94444
3.85185
-5.03704
-15.9444
-21.1852
-11.5185
7.27778
21.3704
19.5556
4.94444
-6.77778
-6.25926
2.07407
5.59259
0.555556
-7.7037
-9.24074
-5.87037
-1.87037
-0.648148
-7.46296
-2.83333
4.16667
9.38889
9.51852
5.87037
2.24074
2.27778
0.203704
-4.81481
-13.2778
-15.7037
-12.7222
-3.96296
6.38889
14.3333
14.8519
5.83333
-2.59259
-4.90741
1.18519
3.77778
2.25926
-5.51852
-9.03704
-9.57407
-4.83333
0.444444
-9.48148
-4.12963
3.57407
9.94444
13.1481
11.1667
6.68519
0.833333
-7.35185
-15.1667
-17.8519
-9.90741
0.907407
6.92593
6.59259
5.72222
6.96296
5.01852
0.518519
-4.22222
-1.87037
1.7963
4.5
-1.44444
-7.62963
-11.5
-6.59259
1.94444
-9.37037
-4.01852
2.72222
9.01852
15.1111
14.3333
8.37037
-3.03704
-13.7407
-20.4444
-17.2407
-3.09259
11.7963
15.6481
7.12963
-1.48148
-1.61111
2.7037
2.64815
-1.38889
-3.24074
-0.12963
3.46296
0.222222
-6
-10.6481
-6.44444
3.03704
-6.85185
-2.18519
1.75926
6.33333
15.0556
16.5741
10.9074
-4.07407
-16.4444
-23.5
-18.9444
-2.62963
16.037
22.3148
10.5741
-4.55556
-8.87037
-0.962963
3.48148
2.2037
-2.94444
-0.351852
3.98148
4
-2.90741
-10.1296
-8.46296
1.48148
-5.61111
-1.75926
0.351852
4.57407
15.5741
18.2222
11.4259
-6.09259
-17.2407
-23.463
-19.7407
-5.33333
16.2037
28.3519
18.1481
-2.35185
-14.4815
-8.18519
0.240741
3.37037
-1.38889
0.685185
6.7037
8.55556
0.351852
-10.3148
-10.3519
0.0925926
-5.2963
-3.98148
-2.57407
3.59259
16.8148
17.5741
8.2037
-8.05556
-13.7407
-19.9444
-22.0185
-11.2407
16.3148
37.5
28.6667
1.2037
-19.7778
-16.6296
-5.62963
2
-0.0185185
2.18519
8.2963
10.463
2.85185
-7.22222
-7.07407
1.18519
-3.33333
-2.7037
-1.51852
3.90741
13.8333
9.90741
2.33333
-5.64815
-3.55556
-14.1481
-26.2593
-18.7222
16.8333
46.2593
36.6296
1.61111
-24.8704
-23.2222
-9.55556
0.62963
1
2.85185
7.72222
9.87037
4.7037
-1.74074
-0.259259
5.38889
-0.351852
1.2963
1.53704
2.38889
6.12963
-0.759259
-1.33333
1.16667
10.6111
-5.59259
-26.4074
-25.037
12.7037
44.7963
36.5
0.5
-25.6667
-24.3704
-9.98148
1.33333
2.81481
3.48148
5.64815
7.33333
4.48148
1.35185
4.51852
9.27778
2.01852
4.96296
3.53704
-0.518519
-1.62963
-8.40741
-2.03704
8.03704
22.7593
3.42593
-22.4815
-28.8519
5.85185
36.3704
30.6481
-1.27778
-22.0926
-19.7407
-8.66667
-1.38889
0.814815
4.68519
8.38889
8.98148
5.12963
2.01852
5.2037
9.18519
6.01852
8.88889
4.27778
-5
-9.25926
-14.2037
-1.92593
13.8333
33.5
13.9815
-16.8519
-32.9444
-3.74074
27.0741
26.1667
-0.703704
-17.1667
-13.7778
-6.42593
-4.31481
-2.81481
4.11111
9.7963
9.96296
5.92593
3.83333
6.11111
6.61111
11.2037
13.1852
2.75926
-12.5741
-18.7222
-18.7037
0.0555556
21.9074
44.2222
24.6667
-10.9815
-33.9074
-10.8889
17.2778
17.8519
-3.2963
-12.2963
-6.27778
-2.53704
-6.87037
-6.72222
2.7037
10.8889
10.8704
5.7037
3.7963
6
5.55556
14.5185
14.3519
-1.05556
-19.1852
-24.0741
-18.3889
4.7963
30.1296
52.1852
31.3889
-7.55556
-33.9815
-15.6852
8.22222
8.68519
-6.83333
-6.46296
3.07407
3.05556
-10.5
-13.5926
-1.14815
12.7222
14.2593
6.64815
2.81481
4.81481
5.12963
12.7407
10.8519
-5.11111
-21.4444
-25.6296
-18.2593
5.38889
33.8333
57.3148
38.1667
-1.51852
-30.9815
-19.4259
-1.7037
-0.481481
-8.38889
1.53704
13.5741
10.2407
-11.9444
-20.2963
-9.33333
8.90741
14.4074
8.85185
4.59259
5.62963
4.46296
12.2778
9.59259
-6.44444
-22.6667
-28.4074
-20.5741
4.88889
36.8333
59.5741
40.2963
1.7037
-25.9074
-18.7963
-9.62963
-12.4074
-14.7222
6.24074
25.0741
20.7593
-8.38889
-24.4444
-17.8333
1.75926
12.463
12.1667
8.98148
7.5
2.66667
14.5556
13.6296
-3.96296
-24.0926
-32.463
-21.5185
8.37037
39.7593
56.5
35.6296
3.48148
-17.8704
-14.3148
-15.8704
-25.2222
-24.2593
6.5
33.6481
30.5741
-3.61111
-26.8889
-23.8148
-2.55556
12.537
15.3333
10.9074
6.37037
0.037037
13.8704
13.4259
-5.48148
-26.6667
-31.963
-15.2778
15.3148
39.1111
47.1111
27.6296
5.51852
-9.46296
-9.33333
-18.6667
-31.3333
-27.537
7.27778
38.5185
34.7222
-1.46296
-29.4815
-26.6852
-3.81481
14.2963
16.4259
8.88889
1.40741
-4.5
11.2222
8.96296
-10.1667
-27.7037
-27.037
-6.48148
18.9815
33.037
32.9444
17.5926
5.46296
-0.574074
-0.0555556
-12.8889
-29.7963
-28.1296
5.37037
38.5185
35.5926
-0.666667
-31.463
-28.2778
-3.53704
16.7407
17.3889
6.96296
-3.2037
-9
10.1111
5.27778
-13.3333
-26.1296
-20.5926
0.388889
18.8333
24.7963
19.5
9.03704
4.59259
5.83333
7.18519
-5.96296
-25.2037
-27.7037
-0.0925926
33
35.7778
5.16667
-27.3148
-29.4444
-7.55556
14.3148
17.2963
7.42593
-3.83333
-10.3889
8.27778
2.2037
-14.4074
-22.537
-13.1852
6.25926
18.2963
16.7407
7.88889
0.888889
3.09259
9.55556
11.2222
-1.62963
-20.0556
-24.537
-4.07407
24.963
32.537
11.1111
-19.963
-28.1296
-11.9815
11.2037
18.1111
9.53704
-3.74074
-11.5741
7.90741
0.666667
-13.6481
-17.9444
-6.61111
8.62963
13.8889
6.37037
-1.74074
-4.94444
1.81481
9.48148
13
5.31481
-7.38889
-14.2222
-6.25926
12.1296
21.9815
12.3148
-11.8889
-24.0741
-14.3333
7.53704
18.6852
12.2778
-2.09259
-12.3889
6.68519
0.888889
-9.37037
-11.2222
-3.25926
4.31481
2.92593
-4.48148
-7.57407
-5.16667
2.77778
9.14815
13.1667
11.3519
6
-0.666667
-4.05556
0.203704
7.01852
7.51852
-5.2037
-17.0741
-13.9444
2.92593
16.3889
13.2963
0.12963
-11.5556
5.53704
2.81481
-3.12963
-5.7963
-4.18519
-3.98148
-5.5
-7.24074
-5.35185
-3.44444
0.444444
6.5
13.8333
16.2593
12.2037
4.42593
-2.11111
-4.37037
-2.35185
0.203704
-3
-9.74074
-9.88889
-0.259259
11.963
12.2037
2.27778
-8.74074
1.38889
1.51852
0.666667
-0.759259
-1.96296
-6.83333
-8.03704
-6.64815
-3.7037
-4.92593
-5
3.74074
16.1111
21.8519
15.4815
5.11111
-0.962963
-3.74074
-5.22222
-6.2037
-5.75926
-6.98148
-5.5
0.0555556
9.66667
10.3519
2.2037
-7.33333
2.88889
10.1667
8.33333
1.77778
-1.55556
1.83333
6.44444
9.88889
1.94444
-5.05556
-12.1667
-5.22222
-0.777778
1.94444
-1.83333
-5.66667
-6.44444
1.16667
14.3889
24.1111
20.5556
12.2222
-1.16667
-7.33333
-15.2778
-12
-11.7222
-3.27778
5.77778
15.2222
15.1111
7
8.66667
6.5
-0.888889
-7.22222
-7.5
0.444444
6.22222
7.77778
-5.22222
-14.2222
-19.4444
-7.27778
2.83333
10.5
8.27778
1.61111
-4.55556
-3.05556
4.83333
10.2778
5
3.83333
1.88889
10.9444
7.61111
7.72222
-2.33333
-4.66667
-4.16667
0.833333
1.44444
-4.33333
6.83333
-0.222222
-6.33333
-8.11111
-6.77778
-0.666667
2.83333
2.55556
-6.44444
-9.66667
-7.33333
4.22222
9.44444
10.5556
3.77778
-2.77778
-6
-3.61111
0.166667
-0.833333
-7.11111
-5.16667
3.5
21.9444
25.6111
20.1667
4.77778
-4.11111
-8.66667
-10.6667
-13.4444
-17.2778
2
-1.61111
-3.38889
-3.88889
-5.61111
-6
-4.94444
-4
-0.277778
6.55556
15.0556
15.2778
7.83333
-1.05556
-8.27778
-10.9444
-8.94444
-3.22222
0.833333
-2.5
-6.88889
-6.11111
6.44444
20.1667
25.9444
19.2222
11.2222
4.05556
-3.72222
-13.3889
-20.1667
-22.6111
-2.16667
-1.88889
-2.22222
-3.22222
-6.88889
-11.1667
-10.6667
-4.44444
9.5
20.8889
26.2222
16
0.5
-13.3333
-18.8333
-15.6667
-5.22222
5.72222
9.83333
3.22222
-1.44444
-3.83333
4.44444
8.27778
13.0556
10.3333
10.8889
7.5
-0.166667
-11.5
-18
-16.1667
-4.38889
-4.22222
-6.38889
-8.27778
-10.5556
-12.6667
-10.2778
-1.11111
13.5
21.5556
19.6111
7.11111
-3.11111
-9.05556
-10.5556
-10.9444
-6.22222
2.27778
10.2222
9.94444
8.55556
2.16667
0.222222
-4.5
-0.888889
2
5.88889
2.94444
-4
-12
-14.5556
-7.5
-5.94444
-8.05556
-11.2778
-12.7222
-12.2778
-10.4444
-6.16667
2.77778
11.5
13.2222
5.05556
-1.16667
2.16667
11.7778
12.3333
-0.222222
-13.2778
-13.6667
-1
9.66667
12.8889
5.22222
-3.38889
-9.66667
-7.38889
-2.94444
0.0555556
-2.27778
-6.27778
-10.5556
-11.6111
-4.27778
-4.22222
-6.61111
-8.66667
-10.0556
-9.94444
-8.38889
-5.22222
0.777778
5.11111
4.44444
-2.88889
-1.77778
10.0556
27.7778
29.1667
11.2778
-14.4444
-26
-17.0556
-0.0555556
8.16667
4.61111
-3.44444
-8.16667
-8
-5.88889
-2.05556
-1.05556
-0.888889
-3.5
-6
-3.88889
1.94444
-0.555556
-1.94444
-4
-5.16667
-6.61111
-6.83333
-6.11111
-4.38889
-3.5
-2.33333
5.44444
14
21.3889
20.5
15.5
0.5
-15.7222
-22.1667
-12.3889
-2.11111
1.77778
-1.44444
-4.94444
-6.72222
-6.22222
-0.0555556
3.5
4.88889
2.94444
1.88889
1.27778
10.1667
6.22222
2.5
0
-0.555556
-3
-6.77778
-12.8333
-14.6667
-10.4444
2.66667
13.8333
8.61111
-7.72222
-10.8333
10.9444
27.5556
16.2778
-11
-20.6667
-12.4444
-0.277778
1.5
-3.55556
-7.16667
-4.88889
3.11111
5.05556
2
1.27778
8.22222
14
14.2222
8.66667
3.05556
1.33333
2.72222
1.27778
-3.27778
-12.7222
-15.4444
-9.11111
7.33333
9.16667
-13.5556
-44.6667
-39.9444
7.11111
51.6667
48.3333
7.38889
-21.9444
-19.1111
0.444444
7.05556
1.22222
-7.11111
-3.5
3.5
4.83333
-1.38889
-1.11111
10.6111
21.7778
13.2222
6.61111
2.33333
3.66667
5.72222
3.27778
-1.83333
-7.83333
-4.83333
1.5
6.88889
-9.77778
-38.3889
-61.0556
-43.7778
6.5
55.9444
61.1111
22.5556
-15.8889
-22.2778
-0.0555556
11.1667
8.22222
-4.44444
-3
1.66667
5.27778
1.61111
2.22222
10.6667
19.7778
1.77778
-2.94444
-1.88889
5.77778
9.88889
4.72222
-1.22222
-2.05556
11.0556
15.1667
6.16667
-23.8333
-42.7778
-46.2222
-29.6667
-3.5
29.8333
48.0556
31.7778
-1.55556
-20.9444
-5.55556
7.55556
14.0556
1.55556
1.11111
2.83333
12.7778
15.9444
13.6111
8.05556
5.05556
-8.27778
-9.5
-3.66667
7.05556
11.3889
4.94444
-2.83333
0
15.4444
14.5
-2.16667
-23.0556
-16.3333
-5.72222
-10.5556
-24.5
-13.9444
20.6111
38.2222
21.0556
-10.4444
-16.1111
-5.38889
8.33333
5.5
4.27778
6.55556
16.6111
21.1111
16.1667
4.5
-4.61111
-16.7222
-11.2778
-2.83333
5.22222
6.44444
1
-2.33333
4.66667
12
0.722222
-14.3333
-7.94444
23.1111
31.3889
-3.33333
-47.7222
-51.1667
-6.44444
38.5
41.6111
8.83333
-20.8333
-21.2222
-8.66667
1.72222
4.66667
7.5
12.5
15.5
14.2222
6.83333
-4.61111
-15.9444
-8.27778
0.166667
0.611111
-3.77778
-2.5
4.55556
13.1667
-0.833333
-28.1667
-36.2778
0.833333
49.3889
54.5556
9.38889
-40.5
-54.3889
-23.6111
24.3333
43.7222
26.1111
-15.8333
-26.6667
-22.5
-4.22222
-4.22222
-6.72222
-10.0556
-3.11111
9.5
16.1111
7.5
-14.7222
-8.22222
-1.5
-3.88889
-7.38889
0.833333
14.1667
12.8889
-21.2778
-54.2778
-43.2778
14.3889
64.5556
65.8889
31
-7.05556
-32.7222
-39.1111
-15
14.4444
25.8333
-2.27778
-18.7778
-19.3889
-3.72222
-9.5
-23.0556
-30.4444
-16.0556
6.94444
20.5
14.0556
-10.1111
-9.44444
-8.94444
-10.5
-4.33333
13.1111
20.8889
-1.33333
-45.1111
-63.4444
-27.7778
28.0556
63.5556
64.5556
56.0556
36.6667
-1.27778
-49.1111
-59.6667
-29.6667
12.0556
12.9444
-3
-11.1111
-2.72222
-7.22222
-20.4444
-27.6667
-15.8333
0
9.44444
10.1111
-3.83333
-6.16667
-11.1667
-9.88889
4.55556
19.6667
10.5556
-27.1667
-57.6111
-45.4444
1.27778
34.0556
46.1111
47.2222
59.5556
54.0556
18.3889
-42.7222
-77.4444
-55.2778
-0.333333
28.3889
15.3889
-1.55556
-1.77778
3.16667
0.111111
-6.88889
-9.11111
-10.1667
-9.22222
-5.16667
4.5
-1.88889
-9.11111
-4.38889
11.0556
15.6111
-8.88889
-42.7222
-47.3333
-11.6111
19.7778
17.7222
1.22222
4.94444
34.8889
54.3889
41
-8.72222
-56.3333
-52.5556
-2.5
39.5556
29.4444
-0.666667
-9.22222
8.16667
20.5
17
1.55556
-11.7778
-17.3889
-14
6.5
-1.72222
-3.44444
5.88889
12.9444
-1.16667
-31.7222
-44.2778
-21.2778
19.6111
21.6667
-8.22222
-41.5
-32.5
3.94444
40.8333
51.2778
27.7778
-14.9444
-29.7778
-1.77778
40.2222
41.5556
11.5556
-9.88889
2.38889
17.7222
20.1111
4.72222
-7.05556
-12.5
-13.2778
9.27778
0.944444
3
11.2222
5.88889
-19.2778
-41.3333
-28.6667
7.22222
35.2222
14.2778
-26.1111
-62.4444
-49.9444
-14.1667
25.3889
40.7778
34.7778
12.1111
-6.72222
-1.22222
28.5
43
25.7222
-5.38889
-7.55556
5.61111
18.8889
12.3889
1.94444
-6.38889
-8.61111
6.66667
7.33333
12.3333
12.5556
-3.22222
-25.5
-28.6111
0
30.5
36.9444
8.16667
-25.4444
-48.6667
-39.2778
-21.1667
-6.22222
-0.444444
11.8333
21.6667
11.6667
-3.72222
7.11111
32.7778
35.1111
4.16667
-16.8333
-9.77778
9.44444
15.7222
8.05556
-2.61111
-7.5
6.33333
13.2222
15.8889
8.22222
-6.44444
-10.6111
5.72222
33.0556
42.5556
29.3333
4.27778
-14.7778
-23.6111
-21.1667
-21.8333
-30.7222
-35
-12.7778
19.6667
22.1667
-5.5
-16.3889
6.72222
25
9.5
-17.8889
-17.6667
-0.722222
14.4444
10.9444
-0.555556
-8.77778
1.38889
9.44444
10
1.88889
-2.83333
9.16667
32.8889
47.7778
40.9444
21.2778
6.16667
-1.55556
-3.22222
-7.16667
-17.8889
-34.4444
-38.7778
-15.4444
17.7778
24.9444
-4.61111
-29.6111
-22
1.11111
6.88889
-11.2778
-18.6111
-12.6111
3.77778
8.22222
2.33333
-6.05556
0.611111
4.27778
1.94444
-3.33333
-1.27778
13.1667
31.1667
34.1667
24.2222
10.6111
5.77778
3.72222
3.5
-0.0555556
-6.44444
-16.1111
-18.7222
-5.61111
14.5556
22.5
1.11111
-26.4444
-36.1111
-16.3889
4.22222
3.44444
-8.55556
-14.4444
-6.83333
-0.166667
-0.111111
-3.05556
2.16667
5.27778
2.83333
-2.11111
-3.05556
2
9.88889
8.55556
4.55556
0.666667
2.77778
3.94444
3.72222
2.61111
2.16667
-0.388889
-2.83333
-1
5.05556
10.7222
1.5
-16
-29.5556
-16
6.94444
17.3333
5.5
-7.5
-11.4444
-8.77778
-5.66667
-1.5
2.61111
7.38889
6.88889
2.27778
-2.05556
-3.66667
-2.94444
-5.72222
-5.61111
-3.27778
1.88889
3.11111
1.22222
-0.777778
0.222222
1.66667
1.77778
-0.0555556
-3.44444
-5.44444
-8.94444
-13.1111
-14.7778
-3.88889
12.8333
20.7222
11.4444
-1.22222
-9.22222
-9.77778
-6.33333
0.388889
-3.61111
-0.166667
2.83333
4.83333
6
4.55556
1.05556
-3.38889
-1.22222
1.38889
1.55556
-4.77778
-9.94444
-12.7778
-9.83333
-2.61111
6.22222
10.9444
6.05556
-5.38889
-15.1111
-17.5556
-8.72222
2.5
13.4444
13.9444
7.16667
-0.777778
-4.44444
-3.11111
0.277778
4.83333
-7.11111
-7.33333
-3.61111
3.66667
10.3889
10.5556
6.05556
4
6.83333
3.44444
-9.16667
-23.0556
-27.8889
-26.1667
-19.6667
-6.72222
11.0556
26.3889
31.0556
21.4444
4.72222
-10.2222
-9.11111
-1.22222
7.27778
5.72222
0.777778
-2.22222
-0.555556
4.05556
7.66667
9.22222
-5.44444
-7.38889
-5.38889
0.5
6.11111
7.83333
8.55556
9.38889
5
-10.2222
-28
-33.1667
-29.9444
-25
-21.8889
-8.33333
11.8889
29.6111
41.3333
42.2778
33.5556
10.3889
-6.11111
-9.94444
-1.16667
2.83333
0.722222
-2
-0.722222
3.11111
6.22222
8
8.05556
8.22222
2.72222
-6
-11.9444
-7.66667
6.22222
13.5556
1
-19.9444
-28.7778
-14
-7.38889
-8.55556
-19.2222
-12.3333
0.444444
8.77778
16.9444
28.8333
44
33.9444
9.16667
-11.6667
-9.33333
-1.77778
2.33333
1.11111
-0.166667
-1.55556
-1.38889
1.94444
-3.72
-6.52
-6.88
-4.36
-3.34
0.74
3.4
4.34
5.62
8
3.04
-1.76
-4.26
-6.14
-6.18
0.22
6.44
10.58
12.6
14.54
14.3
15.48
14.58
12.82
6.84
1.06
-6.94
-13.92
-7.04
-10.24
-11.42
-9.9
-7.02
0.36
5.8
9.16
12.84
12.94
4.62
-1.54
-4.76
-9.24
-10.2
-4.38
0.54
3.36
7.8
11.72
14.74
19.22
20.78
17.62
11.3
3
-8.78
-18.96
-12.54
-16.42
-17.36
-14.82
-9.04
1.58
10.1
15.08
18.54
16.82
7.84
0.96
-3.24
-8.64
-9.86
-5.54
-1.76
0.06
4.78
7.68
10.58
14.36
17.54
15.2
10.66
2.44
-8.68
-18.62
-16.56
-20.22
-20.4
-17.1
-10
0.18
9.48
16.1
20.26
18.76
12.64
6.94
1.06
-5.64
-7.66
-5.5
-2.84
-0.82
3.36
4.6
5.7
6.88
9.46
7.92
5.1
-1.38
-9.7
-16.98
-15.68
-18.88
-19.3
-16.64
-10.76
-2.96
5.8
13.78
18.42
18.9
17.16
12.92
5.02
-2.1
-5.98
-8
-6.84
-3.34
0.48
0.72
1.38
0.94
1.46
0.04
-0.8
-4.32
-8.78
-12.6
-11.02
-14.84
-16.96
-15.96
-12.18
-6.98
0.82
8.44
11.42
13.62
16.48
14.6
8.02
4.62
0.88
-5.96
-8.38
-5.2
-3.7
-5.42
-3.92
-3.86
-4.88
-5.34
-2.76
-2.8
-3.4
-3.5
-4.56
-9.04
-12.74
-13.68
-12.08
-9.8
-3.98
1.18
1.1
1.66
6.12
7.82
6.9
11.1
12.64
5.56
-1.82
-3.06
-6.16
-9.76
-8.46
-6.4
-7.24
-6.56
-2.86
-0.38
2.08
5.36
3.02
-2.26
-7.08
-9.84
-10.54
-11.62
-8.18
-5.76
-8.46
-11.64
-7.84
-3.94
0.46
11.56
20.1
16.44
6.54
1.18
-5.08
-9.26
-8.64
-3.98
-4
-3.76
-1.48
1.86
5.02
10.04
6.8
2.96
-0.8
-4.4
-6.28
-8.5
-6.56
-7.18
-12.58
-20.88
-21.48
-18.76
-10.34
6.48
21.94
24.28
15.24
6.26
-3.46
-8.2
-8.44
-1.82
0.66
3.04
4.98
9.24
12.34
16.46
8.44
6.08
3.46
0.52
-1
-3.48
-2.98
-5.92
-14.2
-28.36
-33.86
-32.06
-20.6
-0.08
21.88
31.64
26.26
14.54
0.82
-6.14
-8.46
-3.24
1.36
7.1
10.68
15.4
18.38
21.38
5.8
5.04
4.5
4.2
3.88
0.02
-0.52
-4.26
-14.06
-29.96
-35.5
-35.46
-27.12
-8.4
15.08
29.3
30.72
22.7
8.36
-0.18
-5.3
-4.34
-0.54
7.98
12.52
16.94
20.38
22.48
-0.76
1.7
5.58
8.04
5.92
-0.56
-2.88
-6.22
-12.9
-20.68
-19.72
-21.68
-21.6
-10.62
5.92
16.64
23.46
22.18
10.7
0.88
-5.58
-8.46
-6.04
2.4
8.2
13.4
18.38
20.78
-8.52
-1.5
5.64
8.48
4.3
-4.38
-8.54
-9.1
-7.1
-1.88
7.42
4.4
-4.78
-7.7
-4.48
-2.12
6.06
11.18
6.44
-3.1
-8.7
-12.54
-11.44
-5.3
2.22
7.78
12.94
15.2
-11.14
-4.28
2.06
4.32
-2.12
-13.88
-19.5
-17.06
-6.96
12.04
32.76
33
18.72
2.82
-8.58
-17.14
-11.34
-1.82
2.6
-4.3
-9.18
-14.26
-15.16
-14.34
-7.28
-1.62
3.68
6.08
-12.8
-5.04
0.82
0.22
-9.74
-23.68
-31.06
-27.02
-8.92
21.68
50.5
56.52
41.9
16.3
-6.62
-24.06
-26.28
-16.46
-1.96
-2.74
-6.88
-10.46
-12.96
-18.86
-15.9
-9.9
-3.54
-0.4
-11.7
-3.98
0.56
-3.74
-16.52
-30.74
-40.16
-34.94
-10.38
25.64
56.62
70.46
62.58
33.38
3.02
-20.74
-33.76
-30.88
-10.6
-2.96
-3.64
-3.12
-4.08
-14.94
-17.42
-12.68
-7.88
-5.8
-7.58
-3.86
-4.94
-13.6
-25.72
-36.72
-43.24
-34.84
-8.82
22.9
49.18
67.62
67.9
40.5
10.3
-12.36
-31.24
-34.08
-11.54
3.66
6.32
9.54
8.84
-2.94
-9.66
-8.74
-8.84
-10.46
-1.02
-3.16
-9.48
-20.22
-30.8
-35.92
-38.1
-30.4
-12.58
7.34
22.68
41.2
50.06
35.54
15.7
1.38
-14.74
-20.02
-2.12
16.1
20.16
20.12
17.6
8.74
0.18
-1.02
-2.44
-6.46
5.26
1.64
-6
-16.36
-23.66
-22.8
-23.4
-19.52
-12.5
-7.66
-7.36
7.4
21.52
21.34
15.28
11.38
0.76
-4
6.42
23.02
29.9
28.44
21.86
14.92
6.76
2.94
0.34
-2.66
8.46
3.74
-3.4
-9.7
-10.7
-3.64
-1.52
-1.8
-5.44
-12.92
-24.42
-17.88
-2.88
7.52
10.02
12.12
9.5
6.9
8.34
19.8
28.88
26.7
17.9
14.8
10.38
5.16
1.18
-0.6
8.1
3.62
-2
-4.88
0.04
12.92
18.3
14.84
4.28
-11.3
-31.78
-36.12
-25.96
-11.64
-2.86
6.36
14.22
17.64
13.7
17.48
23.9
19.48
8.44
8.16
8.96
4.76
1.26
1.22
11.62
9.22
6.4
7.66
15.66
28.48
31.1
22.82
7.42
-11.8
-36
-46.86
-41.62
-26.38
-14.44
-1.42
12.64
19.98
13.12
10.58
14.4
10.34
0.46
0.82
4.36
1.78
-0.48
0.48
11.82
13.14
14.54
20.64
31
40.5
39.9
29.62
14.8
-2.96
-24.48
-37.06
-36.34
-26.96
-19.24
-9.58
1.48
6.22
-1.32
-6.12
-3.52
-3.18
-6.72
-5.74
-2.72
-4.48
-6.26
-5.64
6.6
9.14
12.42
19.98
30.78
37.96
38.14
30.54
20.42
7.1
-8.46
-20.64
-22.86
-19.2
-16.12
-10.12
-3.32
-3.54
-11.72
-16.56
-17.12
-14.52
-10.4
-6.52
-5.04
-5.04
-5.64
-6.9
5.94
8.06
10.5
15.74
22.56
24.64
23.74
18.32
10.58
-0.18
-9.88
-18.4
-19.62
-14.82
-8.92
-1.72
3.38
0.48
-8.26
-13.72
-16.72
-13.54
-5.52
-0.64
-1.34
-1.86
-2.9
-5.98
7.88
9.34
11.84
16.46
18.6
15.28
11.38
4.52
-5.42
-14.34
-18.84
-21.78
-18.98
-9.82
-0.12
7.56
10.58
5.6
-3.2
-9.58
-13.16
-9.5
0.42
4.74
2.22
0.4
-1.72
-5.76
3.06
4.82
8.78
13.32
13.36
8.68
4.64
-2.62
-12.52
-19.02
-20.22
-19.9
-14.86
-4.04
7.26
15.4
17.26
10.54
3.08
-3.4
-9.7
-8.66
1.54
4.52
1.08
0.56
0.12
-2.68
0.54
0.4
3
5.24
4.22
1.38
-1.32
-8.42
-18.1
-24.28
-26.6
-25.92
-19.68
-6.26
8.86
22
28.1
24.44
19.9
12.94
2.46
-1.86
4.22
3.92
0.84
2.28
3.7
2.64